888
587 315
872 698
108 61
657 93
620 754
345 418
123 771
129 286
58 60
22 780
16 196
430 376
475 396
459 249
422 650
23 402
125 330
691 259
214 24
648 396
881 510
406 114
25 12
186 159
497 172
33 337
411 496
79 43
354 421
319 345
123 388
258 119
723 323
755 779
225 173
253 85
588 20
192 7
551 322
188 481
124 163
119 139
478 597
78 99
582 488
591 756
93 119
175 469
270 762
7 1
491 192
249 341
50 13
102 153
22 81
36 39
204 241
399 347
429 100
42 14
873 730
15 4
301 33
43 143
215 120
2 265
450 301
56 14
543 888
301 833
40 276
839 766
7 9
270 5
204 275
3 17
234 73
557 297
9 44
273 641
692 264
299 815
8 617
187 400
45 249
574 720
71 408
814 716
753 247
40 2
258 340
255 412
478 812
598 309
262 348
267 65
781 566
109 623
283 53
672 15
240 137
166 53
782 179
191 79
284 523
791 622
26 3
451 714
843 656
180 151
218 526
743 237
498 73
17 613
254 1
165 67
357 668
164 618
142 289
1 380
44 319
716 199
43 177
11 13
267 492
717 134
97 288
737 361
263 364
789 712
309 170
173 703
24 10
113 73
303 25
122 209
795 294
60 188
279 343
46 484
847 537
140 614
818 10
211 324
67 171
142 85
592 765
31 625
20 13
196 362
864 400
13 229
57 124
344 90
65 1
183 132
722 451
196 318
250 483
112 41
637 223
456 882
532 194
271 280
4 19
832 275
12 10
108 740
345 495
167 157
148 178
535 202
197 810
44 164
678 390
209 728
230 313
72 132
803 108
317 605
308 745
201 816
89 69
659 619
92 233
70 32
157 292
817 127
10 34
793 210
334 663
48 34
443 185
187 128
296 70
435 129
669 449
458 695
183 690
321 367
14 68
87 101
18 545
513 194
75 91
610 700
516 792
415 351
464 210
84 158
354 30
35 1
187 299
580 443
460 533
556 359
9 646
527 37
63 199
49 32
99 452
374 228
220 219
537 328
499 491
350 210
876 735
172 31
518 182
22 138
263 461
233 640
386 454
62 32
58 123
340 356
509 503
848 700
536 292
106 653
41 69
377 601
163 555
48 446
834 202
395 366
11 9
706 322
100 13
261 82
286 620
554 318
626 635
863 39
626 576
234 511
769 732
342 136
161 490
91 141
243 525
262 242
84 193
405 2
249 349
697 344
81 561
140 351
86 788
246 332
733 172
599 496
204 3
126 34
55 284
593 519
715 859
449 633
550 553
210 39
160 129
604 345
383 298
759 445
129 43
763 176
236 363
549 29
645 166
376 197
827 427
417 460
120 28
739 107
587 684
107 375
654 109
282 266
869 558
770 236
315 615
661 237
410 275
227 248
12 21
219 210
636 14
249 361
44 485
9 51
391 368
203 594
502 547
566 315
130 111
463 279
318 539
718 92
334 123
855 130
95 94
257 175
13 90
453 373
71 34
27 109
100 688
152 565
671 750
247 291
124 245
179 185
13 281
201 442
86 76
213 205
32 157
88 28
856 668
489 531
161 151
656 544
724 442
829 598
195 273
205 308
29 18
682 884
215 382
140 32
125 505
323 336
437 612
280 757
394 357
389 144
67 563
70 239
131 224
81 107
55 207
808 356
440 550
702 249
477 113
474 851
493 673
316 569
243 486
473 280
677 461
828 609
250 172
107 835
568 150
237 62
638 682
331 18
35 230
61 567
147 711
43 82
259 176
233 246
135 783
159 274
70 173
157 877
19 75
232 8
519 476
434 422
879 597
22 28
277 456
226 683
150 80
44 708
440 3
329 64
70 831
685 645
67 694
439 25
471 164
206 201
252 606
2 5
53 22
558 350
376 686
439 488
194 117
580 761
230 719
350 809
70 144
530 171
202 125
799 281
725 366
853 768
174 131
241 403
24 184
512 186
178 396
514 206
136 126
230 386
567 679
52 494
428 667
4 3
567 764
796 716
571 28
9 80
610 88
597 608
615 643
599 842
263 85
360 55
151 223
139 305
353 309
365 315
96 156
154 22
248 424
116 62
179 311
203 455
278 384
258 370
57 67
198 278
267 520
31 235
33 30
638 426
786 61
174 260
286 680
70 775
790 180
207 546
132 801
513 861
198 689
282 335
49 195
315 19
658 224
201 137
628 286
665 350
458 377
576 802
45 433
504 344
840 274
134 489
212 152
34 339
103 78
701 110
408 866
252 29
552 199
47 24
638 670
58 4
135 727
353 766
42 45
155 441
117 590
175 182
377 320
807 560
65 272
455 768
17 655
263 664
251 27
176 572
579 513
868 725
38 321
396 609
200 378
734 742
1 2
406 465
387 57
91 198
887 634
247 591
480 592
31 11
5 8
654 709
444 9
116 271
132 462
85 22
242 175
4 482
351 800
634 341
121 110
102 255
741 527
151 320
398 285
4 63
416 123
554 736
228 2
696 262
49 170
63 676
357 269
2 74
175 167
134 10
104 127
64 23
749 38
106 69
269 228
22 231
602 307
381 373
16 10
317 79
643 826
220 290
564 78
622 69
837 857
347 14
222 54
145 125
823 249
734 524
105 310
502 596
647 394
478 344
10 22
390 821
216 1
710 357
32 111
306 123
470 466
753 865
97 66
123 516
2 54
693 456
205 586
83 168
426 6
528 436
770 794
715 170
407 264
159 190
369 61
480 422
603 517
328 40
503 824
559 223
738 7
729 121
78 65
412 448
820 549
181 85
40 502
29 298
103 860
48 785
213 652
218 662
611 215
133 70
152 798
52 77
203 62
442 522
386 837
541 217
98 32
5 23
627 177
217 42
70 159
358 219
151 68
105 78
182 806
510 500
247 322
141 867
252 508
116 379
41 20
326 544
33 314
507 189
438 581
197 127
885 674
666 637
18 179
126 529
338 524
131 128
54 409
631 687
436 56
426 822
699 491
747 575
333 758
501 115
401 310
160 266
660 263
541 616
2 3
253 570
731 19
6 57
852 654
118 46
767 597
774 724
205 649
346 18
247 122
479 268
607 558
162 9
746 594
309 423
137 33
268 168
352 337
542 454
630 82
44 323
237 238
427 23
205 476
2 59
880 599
19 110
14 152
166 227
272 451
165 420
73 517
365 500
115 100
304 241
3 37
632 221
373 139
133 236
359 805
371 12
46 624
844 193
32 3
380 778
137 437
671 60
732 413
435 445
368 87
506 367
425 38
404 97
33 46
538 419
536 576
776 157
811 640
631 616
54 619
94 28
10 7
294 62
493 350
115 390
36 589
96 64
862 197
574 546
422 243
58 92
333 119
366 233
841 331
486 755
32 52
674 552
372 179
205 52
29 713
243 82
793 878
3 36
65 472
42 830
430 845
548 105
14 189
117 85
53 72
825 501
475 543
9 146
642 24
312 414
675 353
397 332
359 328
293 292
854 800
84 302
55 28
28 748
451 819
468 297
285 226
323 467
13 18
315 595
534 254
149 56
813 146
683 838
428 118
644 20
141 264
846 42
274 721
327 13
338 61
413 93
176 858
377 540
573 585
14 3
392 352
365 744
7 256
704 223
385 16
41 73
302 417
258 287
470 681
487 112
515 54
10 122
49 155
40 76
36 393
2 128
850 117
639 493
449 238
63 102
142 432
100 787
93 17
125 113
546 621
107 147
98 875
481 773
22 457
195 218
578 519
883 37
295 438
43 211
244 99
577 104
618 760
42 307
72 87
735 10
27 25
188 326
297 179
104 85
395 651
43 41
78 226
269 419
25 629
295 176
48 61
325 299
22 208
725 726
357 836
282 447
777 318
387 573
23 279
886 685
84 18
326 583
110 221
534 751
430 730
27 30
652 772
575 159
21 277
263 316
200 105
167 312
870 534
108 114
804 88
