1335.71076144
1448.79482144
1549.84250144
1678.88509144
1781.89428144
1894.97834144
2023.03692144
2120.08968144
2306.16899144
2453.23740144
2566.32146144
2722.42257144
2908.50188144
3005.55464144
3120.58158144
3306.66089144
3492.74020144
3579.77223144
3716.83114144
3847.87163144
3984.93054144
4055.96765144
4142.99968144
4280.05859144
4377.11135144
4448.14846144
4585.20737144
4672.23940144
4819.30781144
4876.32927144
5039.39260144
5186.46101144
5243.48247144
5371.57743144
5499.67239144
5636.73130144
5723.76333144
5851.85829144
5922.89540144
6035.97946144
6149.06352144
6262.14758144
6363.19526144
6510.26367144
6638.35863144
6741.36782144
6798.38928144
6984.46859144
7081.52135144
7194.60541144
7297.61460144
7410.69866144
7573.76199144
7644.79910144
7775.83959144
7876.88727144
8062.96658144
8134.00369144
8191.02515144
8288.07791144
8389.12559144
8476.15762144
8623.22603144
8680.24749144
8777.30025144
8905.35883144
9033.45379144
9120.48582144
9207.51785144
9308.56553144
9445.62444144
9544.69285144
9707.75618144
9804.80894144
9917.89300144
10030.9770614
10132.0247414
10260.1197014
10347.1517314
10475.2466914
10572.2994514
10671.3678614
10818.4362714
10905.4683014
11061.5694114
11190.6120014
11303.6960614
11432.7386514
11533.7863314
11719.8656414
11790.9027514
11893.9119414
12006.9960014
12193.0753114
12322.1179014
12469.1863114
12625.2874214
12754.3300114
12891.3889214
12962.4260314
13065.4352214
