887 2528
44 652
491 363
114 5
95 101
480 370
58 391
768 164
803 721
590 375
243 21
862 267
132 20
840 65
331 255
398 402
275 859
256 615
186 447
388 535
389 378
300 331
780 48
467 224
730 237
270 535
179 651
309 632
349 156
439 688
558 389
390 267
283 207
68 846
6 832
649 613
615 822
654 779
608 145
382 538
221 115
60 733
409 684
529 277
861 600
75 847
197 139
662 207
356 438
66 697
677 865
535 562
241 303
687 887
283 696
175 67
214 561
130 704
258 547
578 194
83 736
564 751
394 35
342 302
53 660
403 262
246 881
797 383
317 714
69 787
341 94
569 256
825 878
24 865
495 883
721 223
887 658
251 321
308 195
354 74
529 374
234 282
329 837
92 295
864 328
665 508
46 597
671 178
364 134
2 385
851 447
834 57
143 465
237 470
184 158
700 479
150 854
101 642
263 461
880 251
684 272
425 101
190 146
547 687
878 95
294 833
608 882
488 563
33 371
207 183
153 161
295 342
244 16
523 112
3 681
214 301
255 101
167 89
225 808
851 153
301 659
272 466
127 586
249 370
835 535
268 652
205 876
70 213
753 383
459 827
57 181
246 811
530 820
32 764
252 293
292 806
348 395
373 535
726 5
362 316
15 838
752 384
885 845
502 611
636 703
69 671
769 781
168 522
159 643
644 651
331 365
723 607
742 231
829 232
413 638
86 76
765 820
363 585
71 359
309 488
275 312
665 320
632 269
832 874
262 397
690 328
712 165
217 60
309 686
682 517
260 581
246 433
229 327
763 588
292 118
648 540
244 658
265 44
712 569
219 539
570 801
556 780
827 205
582 162
692 809
660 786
132 171
784 337
210 77
118 250
235 95
553 675
257 4
866 512
435 169
172 401
599 396
286 708
659 276
843 531
754 375
226 627
271 668
496 623
190 25
430 413
503 569
253 710
142 273
76 475
584 803
373 296
401 620
165 865
631 579
9 651
784 409
117 746
164 852
348 582
390 680
337 572
305 701
195 682
749 645
520 232
244 115
636 711
491 554
76 660
572 881
114 236
217 42
377 806
110 275
458 737
655 854
312 497
114 315
243 219
392 521
858 388
92 602
18 853
202 54
184 533
97 820
697 250
762 507
656 420
215 573
134 498
256 684
795 881
537 569
546 431
690 776
749 10
287 863
776 2
745 642
46 138
348 462
64 829
636 70
508 4
646 257
220 506
791 653
800 635
711 186
571 89
493 122
591 705
398 439
435 683
292 224
130 199
350 481
83 221
73 407
823 852
348 706
573 23
133 768
156 423
301 255
820 59
628 502
690 753
749 508
805 885
607 441
621 194
714 433
289 254
96 301
28 533
164 395
178 169
592 717
332 643
868 874
338 854
372 633
321 505
88 134
72 192
163 574
359 437
873 773
410 167
34 817
553 839
494 191
316 208
79 436
764 41
178 282
235 343
481 500
791 865
629 582
579 731
714 267
607 580
168 86
59 82
813 634
371 795
854 708
234 148
255 857
473 226
76 380
520 453
868 14
97 372
270 755
159 691
326 321
808 448
166 675
467 365
693 108
237 96
438 702
340 84
219 423
60 558
846 693
727 464
602 530
594 610
760 59
140 114
112 213
787 387
254 805
715 821
321 358
23 807
559 337
355 344
582 82
1 858
114 306
210 560
561 792
263 799
16 206
309 50
168 409
784 161
460 335
688 554
199 487
532 395
366 44
539 842
557 509
216 597
185 478
462 313
672 397
611 336
343 14
788 489
685 799
393 871
768 544
469 442
570 33
62 555
690 623
102 57
783 585
753 592
169 537
426 575
710 445
789 40
166 259
522 341
732 758
562 764
709 438
86 490
348 447
299 229
102 746
855 424
608 363
646 470
223 152
674 90
318 411
161 696
254 640
317 53
466 474
32 624
347 415
2 645
333 859
811 108
483 568
484 807
631 234
402 590
421 344
210 541
544 197
412 64
88 193
70 506
426 670
598 54
139 63
641 337
715 246
237 795
93 225
338 461
375 141
549 190
82 334
413 257
586 181
725 127
292 355
370 520
634 665
68 57
729 208
158 154
70 4
538 502
206 205
773 594
249 384
92 204
459 358
366 49
374 621
360 225
32 654
426 405
661 451
554 527
792 707
722 230
462 277
292 362
129 707
42 747
242 332
767 31
280 156
778 167
100 882
807 129
877 433
436 348
371 732
648 647
811 181
171 591
557 788
307 626
15 429
73 884
707 225
78 855
376 92
261 594
431 200
735 565
39 567
12 206
360 887
146 242
187 80
578 544
334 481
743 432
321 679
514 34
513 448
514 59
150 311
423 623
728 678
87 151
53 99
570 191
328 574
518 632
552 67
642 774
239 2
717 385
406 273
872 800
83 644
284 515
468 74
180 732
444 51
536 672
658 738
679 749
367 352
222 872
870 564
523 698
546 76
670 450
17 555
507 588
536 249
739 105
373 624
525 425
622 125
187 699
590 55
850 79
58 580
169 735
665 706
711 842
222 798
653 156
33 883
91 488
610 814
205 416
245 308
29 850
325 742
435 273
292 398
422 798
701 737
61 215
580 409
732 217
737 770
421 164
21 687
41 750
558 784
854 273
527 160
486 352
90 66
552 766
700 97
186 593
315 831
559 430
195 856
92 273
438 781
664 316
80 195
104 884
266 47
658 243
536 385
259 68
568 817
20 129
732 606
424 351
702 54
661 486
372 295
119 341
374 199
186 47
389 69
411 248
675 682
433 43
842 217
845 380
296 765
297 580
392 561
265 472
157 239
710 271
361 281
641 820
175 309
212 769
618 268
304 183
729 762
159 566
604 660
519 267
684 151
669 427
357 188
73 180
93 660
573 682
504 611
411 241
878 585
679 29
332 392
870 327
85 661
29 360
214 507
253 351
329 297
55 2
376 193
298 850
397 341
107 774
20 151
555 97
792 541
263 70
301 783
198 702
417 370
113 281
494 750
560 697
99 263
524 361
102 837
747 45
70 274
381 146
680 226
80 646
187 623
459 706
579 331
325 25
624 665
341 516
396 241
469 421
237 510
635 608
818 589
587 264
678 362
311 648
23 558
774 885
155 625
466 508
749 89
196 832
171 292
281 484
411 664
85 353
140 391
553 426
113 533
37 596
369 633
172 317
173 585
746 854
819 107
35 568
55 16
666 769
83 292
33 421
491 187
809 799
547 121
588 480
188 291
578 266
448 873
749 215
232 70
72 785
367 113
157 243
625 679
287 592
381 832
205 199
832 682
725 299
54 276
60 414
99 790
247 663
603 646
606 369
695 533
555 238
442 714
885 17
216 510
737 26
137 279
728 664
629 338
84 383
25 55
6 499
853 282
286 334
785 202
384 210
331 253
424 297
631 483
527 292
804 449
608 706
241 626
822 83
593 424
812 718
531 701
824 132
12 423
542 660
562 801
357 445
342 244
53 826
240 330
58 449
464 642
411 496
565 292
419 272
95 670
599 30
12 84
251 315
792 751
503 313
501 191
711 465
675 176
108 682
661 109
661 536
593 306
779 873
803 875
109 603
701 460
848 725
118 811
727 109
487 745
92 690
558 851
542 66
503 98
819 357
290 22
271 104
122 580
226 443
725 749
621 332
381 755
537 325
467 813
107 174
270 35
642 581
186 140
441 567
460 770
576 80
653 691
218 249
880 844
318 52
653 207
819 36
503 599
69 24
87 489
768 305
199 243
40 274
810 481
792 876
813 393
796 327
854 53
675 504
531 18
589 674
627 6
3 96
577 411
278 751
840 136
126 272
327 220
573 386
63 107
621 866
165 685
576 76
28 763
431 260
713 819
245 812
268 750
519 675
297 654
429 505
469 34
698 453
608 369
420 55
827 561
167 415
278 742
619 249
214 736
472 564
381 113
332 603
887 445
321 337
187 575
351 405
225 606
271 244
681 53
849 542
776 660
63 748
636 148
803 846
329 600
492 252
283 853
565 854
413 457
142 242
335 50
602 816
836 194
195 868
677 669
345 227
407 412
104 768
811 789
709 35
623 407
40 65
561 1
285 578
473 802
538 812
435 115
720 449
566 315
769 731
113 638
2 52
156 221
78 577
15 814
414 242
529 416
627 680
720 6
648 867
557 290
210 761
157 585
88 880
487 231
254 755
477 504
444 64
526 296
233 140
416 353
199 430
552 760
202 484
754 669
750 349
221 718
805 222
67 386
416 79
838 543
186 195
171 541
542 330
307 544
271 368
718 680
173 834
67 365
33 717
165 761
319 141
480 714
338 658
703 100
444 106
317 212
282 885
177 52
808 712
753 822
610 620
58 273
276 328
224 9
336 595
354 302
603 506
539 473
538 579
108 813
854 210
361 766
783 210
91 738
385 692
254 34
764 593
30 771
806 287
240 418
27 452
409 628
263 828
602 80
20 26
529 94
35 405
200 883
884 19
405 166
118 161
484 417
599 402
217 144
254 378
219 379
277 289
723 666
451 498
878 590
740 30
227 165
280 677
191 797
585 622
395 235
236 506
181 860
826 547
527 806
884 416
279 402
375 410
505 495
657 26
749 105
790 136
663 4
837 364
639 133
15 544
557 613
258 22
443 30
818 693
855 280
486 485
845 365
828 427
773 683
346 855
17 664
880 538
167 636
866 581
635 611
157 550
729 272
435 38
320 358
817 787
237 212
452 144
205 491
577 757
27 97
371 454
837 742
653 490
790 462
682 335
719 139
228 803
725 235
142 599
362 553
550 462
127 732
114 182
703 850
299 735
466 174
800 397
503 343
489 682
327 702
664 66
647 188
8 742
780 470
691 286
656 273
470 66
734 320
643 86
713 701
665 600
743 530
601 602
268 831
434 745
705 77
308 581
4 769
387 549
688 422
505 580
881 75
611 318
496 769
408 750
581 32
716 777
691 787
77 321
758 290
192 244
673 602
46 708
412 284
777 740
389 474
652 151
712 452
213 462
329 800
40 685
630 155
479 595
209 574
302 749
479 305
198 578
202 535
665 835
338 833
599 478
819 489
531 691
753 455
806 587
785 750
442 867
853 650
755 827
527 146
196 88
624 206
734 306
541 498
267 831
181 349
435 654
831 311
172 299
742 854
655 581
841 409
682 549
439 650
574 682
712 537
86 377
877 855
116 819
58 32
331 649
61 650
736 713
537 776
332 419
464 816
90 224
365 165
58 457
370 404
60 565
403 815
673 764
429 286
527 558
92 691
311 740
858 156
864 762
69 30
254 26
291 108
862 814
481 443
263 441
731 241
825 884
735 340
755 247
95 53
370 43
391 533
268 820
201 456
310 58
704 12
735 344
116 682
321 326
603 830
570 486
57 631
259 536
702 427
560 144
410 314
504 380
72 821
200 724
348 533
615 459
286 839
865 679
734 65
644 873
63 5
836 846
269 337
804 407
18 540
371 1
82 513
664 505
412 383
168 382
700 650
756 577
206 312
718 72
260 125
375 804
304 586
107 809
184 175
173 861
128 727
381 72
703 393
602 316
124 131
306 282
131 700
513 24
380 356
146 547
128 58
185 516
115 839
226 862
821 752
511 675
791 455
637 796
230 90
879 181
386 673
349 555
831 54
651 193
304 794
372 546
125 4
362 694
454 527
42 389
244 524
651 395
355 365
690 568
302 828
246 284
283 329
484 641
729 668
622 438
206 524
611 704
43 63
4 674
756 559
25 291
557 458
838 722
698 634
419 119
718 50
646 128
419 491
887 291
797 236
600 344
73 563
501 879
264 109
320 90
79 747
588 6
609 399
371 108
853 721
321 544
654 482
365 855
345 876
621 837
404 453
81 525
652 521
261 365
743 100
229 185
377 32
162 313
215 545
648 271
880 346
208 689
465 392
466 867
838 701
749 14
852 422
484 259
820 786
599 724
560 878
579 342
851 413
160 237
658 292
793 622
60 526
726 63
253 582
548 554
430 498
791 625
442 355
80 483
228 110
307 12
808 60
807 747
388 673
617 775
392 249
160 314
511 622
502 871
674 441
452 533
810 98
314 312
78 714
856 17
853 834
801 656
696 720
660 663
554 111
258 109
183 805
831 567
874 413
675 708
378 716
646 520
749 678
290 861
774 349
333 718
813 249
547 616
587 122
2 25
135 290
873 634
252 164
288 469
492 763
381 691
334 536
868 597
212 711
28 852
476 35
752 783
776 486
880 281
145 333
499 712
671 402
748 493
860 28
184 772
560 59
409 97
27 734
104 732
391 796
124 858
233 563
109 416
146 426
723 70
264 502
178 164
678 281
789 319
778 125
600 799
733 797
811 561
201 289
555 670
241 263
21 22
478 450
686 280
284 277
859 804
91 350
515 464
557 85
577 756
134 836
647 682
158 32
236 90
458 44
504 833
470 865
415 213
310 798
103 765
799 548
417 878
7 28
139 108
379 150
533 367
726 148
244 130
48 34
671 218
269 28
362 654
219 11
887 857
546 144
588 192
660 725
81 447
672 773
604 435
254 658
478 769
138 452
690 802
808 885
517 494
832 553
443 36
494 880
555 492
85 226
602 617
803 601
843 826
203 532
295 124
795 482
780 374
691 181
143 375
54 493
384 212
538 256
424 299
187 421
339 728
670 636
515 701
132 737
495 79
319 808
703 859
291 554
537 377
682 313
738 458
562 774
262 568
231 380
489 184
565 627
499 346
333 386
84 83
317 883
121 421
672 787
654 306
608 620
237 369
170 225
478 446
260 757
762 816
815 302
865 335
843 714
789 53
539 757
116 799
585 682
804 89
732 234
438 646
718 387
631 839
392 722
103 245
876 571
183 758
652 351
191 504
599 495
658 840
753 59
353 405
445 125
505 261
813 381
244 339
689 506
653 212
158 7
238 305
214 570
82 741
320 120
108 869
788 69
586 725
806 738
128 453
126 327
633 355
835 78
412 498
285 636
752 848
474 641
50 732
386 177
633 727
499 159
669 92
652 180
746 811
860 562
488 321
640 334
326 42
171 570
756 760
299 212
725 357
482 665
446 350
177 109
639 382
414 509
253 75
471 244
109 732
350 133
613 443
10 214
449 257
340 336
877 140
539 271
887 232
616 394
139 320
106 568
767 248
456 476
241 858
475 578
41 147
361 449
623 387
181 668
260 13
866 767
63 13
283 164
567 635
436 462
541 872
321 343
138 807
715 701
437 190
310 745
115 12
387 742
634 138
84 175
545 623
641 671
808 291
516 252
183 16
557 761
707 193
484 78
286 694
34 480
743 887
321 447
394 293
474 666
718 185
390 116
123 862
623 622
877 633
414 137
715 508
531 267
633 142
228 227
249 661
783 527
290 282
419 175
611 377
367 792
479 322
102 385
49 222
737 797
685 510
740 290
465 46
85 781
363 843
175 428
271 664
644 613
456 19
341 612
552 529
365 233
331 89
683 140
501 878
691 124
140 795
289 429
285 110
168 596
77 518
867 850
284 224
509 624
717 43
384 705
97 597
354 563
853 22
673 77
747 66
855 744
587 515
51 875
55 334
168 317
115 483
740 696
742 379
671 128
17 690
198 196
168 119
350 387
33 389
821 714
203 24
295 61
796 467
708 743
605 264
587 343
183 285
120 878
262 729
747 59
177 823
753 758
401 379
257 833
61 124
64 128
464 293
672 628
712 673
765 681
108 185
327 583
610 151
425 849
48 477
119 417
464 357
676 286
235 70
879 684
440 227
556 539
48 770
87 180
714 56
541 837
488 259
804 636
625 732
149 279
499 283
851 110
485 175
142 576
343 193
436 146
400 335
728 488
434 549
555 675
351 150
211 749
637 174
286 548
503 806
877 202
716 259
80 730
844 277
418 130
777 129
578 233
305 249
34 225
510 490
202 827
815 558
697 515
447 576
289 610
287 614
422 774
467 184
544 313
268 447
55 635
168 560
225 47
447 875
298 840
659 646
698 695
71 603
19 836
330 866
578 224
872 8
696 559
303 516
878 34
84 68
210 473
763 277
124 627
840 491
198 607
418 266
187 470
615 689
854 705
170 98
36 359
662 866
684 128
388 837
426 144
800 653
341 867
129 615
542 824
771 658
471 42
333 5
264 532
209 450
582 696
767 354
280 222
337 264
247 368
452 658
624 67
695 855
795 746
768 638
266 151
304 46
392 150
247 406
709 455
177 254
752 667
159 844
360 593
292 332
294 694
318 338
673 468
362 69
418 284
828 253
532 636
388 497
547 674
429 305
857 224
150 354
180 262
327 874
751 73
849 795
527 151
606 372
723 290
335 253
210 307
323 541
359 203
215 70
414 626
606 263
407 479
390 381
466 15
484 754
68 367
742 822
72 725
309 62
627 610
811 641
513 287
508 485
511 167
369 775
590 225
802 650
105 458
18 307
426 451
779 646
374 532
748 719
588 352
309 406
554 272
662 410
385 785
388 80
691 601
138 635
605 864
258 282
131 536
10 798
43 446
836 851
52 351
346 451
864 389
192 196
673 157
323 260
342 32
657 569
143 859
741 647
271 635
851 487
230 586
213 872
185 750
185 287
330 449
204 605
887 807
174 310
768 571
589 248
369 285
59 114
850 155
426 236
706 97
598 608
485 335
166 5
473 271
372 282
245 532
858 545
782 670
110 857
240 413
38 800
737 356
115 56
333 81
426 437
479 707
801 202
286 388
875 530
664 724
296 696
7 801
143 304
601 408
51 849
397 837
436 330
696 344
149 225
578 15
62 132
48 301
66 644
303 154
394 834
241 220
870 735
582 35
533 549
682 762
311 219
276 111
462 278
500 717
636 18
351 832
130 350
58 163
500 458
246 265
110 303
312 298
185 28
580 294
598 77
873 706
305 256
45 59
659 702
434 810
474 223
379 146
205 466
559 751
45 480
460 491
256 153
497 640
631 151
650 703
45 311
195 864
238 141
477 790
760 291
580 195
486 17
273 320
419 216
207 759
389 331
634 695
445 361
712 170
469 40
567 372
593 684
466 299
804 391
572 171
241 199
439 508
242 152
541 309
767 599
715 693
24 276
137 775
317 198
85 303
822 726
537 294
313 428
334 571
560 22
317 823
838 566
379 264
859 457
550 271
256 732
151 432
500 771
502 492
303 757
642 289
553 311
382 299
627 399
424 509
557 456
598 193
875 19
17 559
514 231
491 455
238 362
223 754
8 310
248 592
681 36
494 500
868 884
614 271
63 543
626 770
624 205
538 470
866 532
777 796
724 509
637 343
746 507
114 184
326 364
776 430
338 227
431 692
214 44
363 674
437 136
4 826
222 625
245 197
319 867
362 419
716 552
494 742
96 826
595 102
246 209
736 596
363 659
107 704
20 134
534 460
353 29
84 494
799 490
433 165
588 449
381 605
771 77
257 882
97 16
236 176
478 631
837 180
304 112
783 327
862 196
312 608
407 542
655 535
490 743
325 369
476 841
828 195
595 111
206 833
686 154
247 367
391 721
341 17
342 385
190 585
773 457
258 733
388 422
731 518
879 851
673 555
502 191
660 844
458 612
76 59
290 341
692 477
549 474
608 191
78 740
500 315
636 261
639 264
329 610
221 564
383 517
539 6
483 671
115 533
351 363
886 354
154 91
597 757
340 213
490 582
87 872
293 787
554 143
139 146
585 531
16 274
252 792
331 368
592 16
773 426
295 527
228 626
634 764
309 804
579 100
279 711
411 93
416 128
720 190
723 270
745 793
232 275
675 348
623 228
182 380
256 35
130 366
132 235
579 729
526 496
855 394
676 114
383 111
334 609
834 643
249 468
693 657
60 863
99 118
715 293
840 565
128 657
658 64
676 679
756 469
205 121
761 792
355 446
598 366
710 434
783 456
199 170
849 518
24 830
292 159
244 91
217 644
523 791
499 728
557 849
780 465
730 263
144 115
469 595
720 172
96 321
166 676
724 579
746 714
357 38
216 507
181 328
536 377
77 754
544 265
389 641
375 461
144 647
292 476
847 249
235 572
834 94
456 776
18 115
366 46
167 11
575 158
388 385
686 296
671 737
122 207
102 548
680 759
476 183
314 131
171 835
484 215
283 593
378 593
354 600
661 530
591 849
479 560
373 111
728 146
157 200
214 283
144 264
379 297
523 219
503 877
790 313
741 773
878 487
740 636
699 592
424 444
814 34
820 656
492 833
735 466
105 477
172 294
871 563
15 146
593 251
756 782
279 570
547 726
659 829
237 729
381 404
331 573
279 309
338 275
323 637
178 799
306 373
667 481
558 368
796 139
583 77
159 607
845 252
844 836
645 442
613 827
64 867
467 244
431 474
470 734
569 266
272 215
404 373
63 581
340 477
88 520
347 31
168 198
282 82
266 136
437 284
516 772
210 285
393 779
752 569
370 522
106 583
200 831
129 463
221 438
442 453
386 470
372 243
89 700
376 683
729 822
697 797
649 308
209 381
840 20
613 70
274 179
162 136
318 850
195 120
159 477
609 698
762 617
170 183
13 615
824 12
456 38
183 710
111 165
611 795
777 442
243 642
403 760
557 17
320 816
82 435
198 762
510 475
207 439
618 621
244 101
780 345
155 322
840 292
198 420
526 802
98 654
112 703
95 617
226 382
871 793
571 128
878 128
401 87
679 316
185 405
573 196
726 308
818 45
505 235
569 580
695 587
665 473
486 22
52 485
324 258
292 414
517 136
133 357
794 622
262 541
618 298
622 434
287 559
54 302
516 141
314 395
786 609
407 548
789 666
209 811
637 309
492 349
676 663
588 292
72 63
165 321
262 645
674 861
489 251
833 292
621 445
161 743
198 91
20 836
776 878
300 527
854 855
715 867
720 220
316 655
560 373
27 139
505 245
307 427
825 119
187 500
227 141
108 819
109 81
45 127
763 483
566 601
750 170
398 255
807 865
757 193
170 358
714 469
655 806
417 806
678 589
879 265
590 852
497 78
248 158
765 242
882 569
790 559
202 780
310 64
814 90
427 436
28 731
486 59
269 393
866 455
336 592
601 786
571 208
202 597
174 34
675 731
32 567
470 638
327 803
54 418
827 443
99 832
722 632
450 490
714 398
436 681
143 794
719 750
844 488
336 269
451 170
741 229
304 657
16 703
623 313
364 430
425 855
781 551
358 525
179 864
839 651
617 639
348 166
721 15
878 421
10 153
135 696
288 354
658 545
136 843
90 706
44 714
156 728
782 828
489 699
791 54
194 727
375 195
394 462
228 434
880 718
827 770
477 133
239 341
654 48
235 776
786 408
327 493
644 433
264 498
323 688
250 624
268 687
786 862
806 720
520 334
210 34
637 862
448 595
468 225
793 713
186 75
794 266
27 721
245 497
47 581
577 827
874 857
179 89
329 817
600 639
646 346
27 576
856 574
643 736
611 308
367 650
794 482
873 588
72 198
476 710
21 19
304 863
449 154
506 93
287 229
532 619
830 666
388 665
601 8
681 224
538 770
631 305
243 752
100 274
651 98
840 863
254 74
22 811
