977 1084
445 124
396 116
765 221
923 789
284 9
724 578
713 86
194 449
731 663
476 431
144 320
422 695
377 399
621 148
523 275
275 787
600 409
392 579
681 513
811 360
535 485
140 672
575 666
397 219
830 970
208 798
420 437
902 974
682 771
217 393
773 232
504 585
56 204
364 108
782 639
375 62
252 907
456 353
108 794
728 59
289 475
671 730
920 110
959 662
180 604
741 506
666 369
546 898
79 275
452 673
50 597
55 850
118 30
885 692
634 14
146 204
152 263
955 135
840 342
393 270
416 971
244 928
928 305
915 162
888 653
765 56
409 847
59 36
866 967
334 10
636 785
422 392
52 597
303 163
877 671
386 733
882 287
337 376
825 123
34 419
608 772
626 702
439 679
229 40
449 415
488 238
104 547
503 93
331 677
818 719
222 917
93 307
409 10
889 775
120 505
33 390
139 430
137 690
15 485
315 203
85 142
808 323
443 20
81 844
403 262
476 662
773 339
385 690
670 124
119 640
779 59
746 186
369 173
431 417
52 753
594 565
710 196
354 80
715 919
854 951
512 847
904 58
819 769
281 788
189 647
345 322
880 398
81 735
243 97
34 740
158 230
6 196
160 800
568 801
215 778
132 904
956 125
182 12
307 497
264 35
432 793
373 292
868 684
35 380
681 700
192 63
787 717
493 126
596 178
338 350
577 190
116 667
27 157
711 212
170 40
340 204
349 797
894 501
821 571
340 85
96 349
319 101
588 198
615 274
834 512
547 957
713 389
877 500
231 872
695 484
373 281
348 863
26 630
507 672
393 943
203 424
196 530
304 840
718 241
468 352
740 461
387 639
710 313
797 343
95 825
483 336
595 311
817 560
269 639
966 526
163 912
634 735
81 819
551 122
728 444
510 515
778 429
241 113
46 275
354 237
401 803
724 91
324 323
635 399
888 971
45 883
91 195
280 194
110 433
202 190
38 264
96 692
954 928
792 933
579 808
573 14
548 471
467 854
568 81
30 179
675 743
334 970
731 393
146 948
204 803
582 974
720 593
149 788
501 303
117 341
519 108
545 77
861 735
135 951
740 631
178 175
690 189
469 607
671 74
594 318
304 685
14 903
889 384
24 436
622 60
851 333
355 559
202 68
917 726
667 50
156 700
528 732
458 15
401 693
219 426
164 375
391 274
359 714
545 10
75 193
588 470
683 918
698 367
464 325
689 221
339 292
776 212
5 505
128 196
587 719
741 264
567 377
584 942
475 769
721 614
39 227
312 753
471 598
145 404
459 515
239 860
969 477
132 89
198 173
471 1
764 698
644 31
194 270
160 703
133 260
799 842
181 398
46 149
576 315
713 283
345 350
36 678
158 85
759 881
609 346
292 658
397 954
371 483
419 829
161 64
457 787
96 791
808 801
267 753
311 560
809 353
583 890
898 31
644 559
352 728
54 303
278 304
128 652
848 865
624 643
15 29
866 291
968 327
854 262
974 393
798 406
123 131
616 463
967 26
521 586
92 959
329 347
527 121
406 305
773 391
914 475
852 286
452 891
416 652
699 944
912 14
546 374
959 87
950 541
634 576
771 848
328 528
572 249
517 549
863 201
748 345
850 814
699 173
596 221
974 940
35 937
941 296
876 801
614 734
118 639
852 624
517 745
751 248
683 360
520 773
500 543
511 368
205 380
607 113
605 598
378 229
432 718
590 751
41 260
214 614
5 481
364 764
956 57
674 621
869 453
320 889
205 417
703 678
253 479
135 672
458 167
208 317
216 443
337 791
410 181
395 950
811 93
257 75
753 99
567 553
944 281
329 37
788 593
418 712
434 214
699 948
720 159
358 765
170 440
80 489
962 853
429 730
19 539
787 76
907 570
269 295
722 265
800 292
940 505
4 25
967 328
529 17
638 653
42 383
611 737
880 378
831 135
240 355
249 102
29 875
913 916
59 80
234 375
351 973
410 115
641 743
760 513
359 674
245 915
292 970
755 1
116 579
286 686
594 47
420 175
313 422
13 742
86 489
232 552
537 569
341 929
525 955
15 243
164 543
757 696
463 241
650 447
704 795
500 332
884 185
673 204
153 568
648 661
503 407
736 103
283 397
916 252
481 742
637 237
189 846
875 620
446 408
513 844
218 679
287 309
74 109
721 231
117 386
505 89
859 327
878 481
203 596
789 965
179 41
53 838
830 68
72 178
915 149
877 299
872 569
303 833
815 599
123 439
320 205
24 315
10 6
47 511
49 834
462 474
80 154
641 444
110 351
215 166
803 85
427 767
480 865
825 58
506 21
636 452
276 374
645 464
542 521
727 535
750 205
808 265
475 263
514 397
37 352
488 529
662 319
649 456
446 70
949 345
381 807
171 548
128 212
874 528
443 338
350 222
42 435
832 443
176 119
42 56
666 750
500 457
462 781
658 178
874 247
828 58
118 769
149 867
462 770
952 601
687 534
602 859
180 387
700 107
785 61
674 4
868 667
87 713
4 589
520 891
2 182
350 546
612 918
545 733
653 459
185 233
837 232
661 313
351 98
158 771
292 399
471 200
771 21
892 130
642 662
69 315
484 341
650 189
134 474
482 539
78 669
582 531
620 738
812 209
763 597
522 519
390 65
790 826
335 319
491 886
106 391
581 185
246 582
50 639
249 277
291 74
485 149
897 85
865 611
313 337
311 785
281 69
142 807
827 656
712 945
532 380
969 632
356 692
115 927
561 968
682 54
807 42
764 2
469 641
942 889
759 471
627 942
267 29
272 641
402 29
792 429
659 360
507 143
841 83
75 620
574 696
123 598
920 202
510 207
261 293
506 762
533 310
749 538
418 734
701 828
101 153
487 94
545 7
581 758
711 843
642 773
949 647
761 552
258 465
971 301
567 516
386 934
911 151
302 357
237 611
280 550
364 494
485 306
395 954
244 224
34 631
612 55
250 185
676 53
87 795
182 111
324 947
536 379
376 735
389 885
970 735
88 400
850 462
169 174
550 840
81 391
338 783
502 625
764 800
10 684
486 315
806 34
826 299
616 231
862 484
769 322
421 590
853 404
714 414
953 830
679 570
233 379
531 400
187 498
388 580
706 180
89 166
694 211
426 280
744 275
695 629
836 697
488 787
622 693
802 930
607 707
491 20
668 248
272 397
935 393
638 940
347 729
872 546
78 531
177 256
521 287
600 730
271 508
860 148
196 409
876 555
182 619
963 53
537 74
103 654
29 783
510 928
796 75
626 386
293 465
260 46
25 620
837 654
960 774
834 867
23 442
362 464
428 353
715 850
271 655
426 575
782 11
687 886
108 929
186 193
944 41
151 939
396 952
160 913
715 535
685 316
90 222
304 53
615 959
477 30
84 28
878 745
203 125
904 69
908 406
486 677
108 853
536 830
768 443
211 872
632 679
689 138
894 489
863 5
346 259
616 682
671 570
925 584
162 107
482 738
731 456
684 951
467 555
670 941
471 409
276 909
826 565
250 46
887 304
561 649
311 337
190 355
528 744
144 317
229 88
768 138
331 533
703 904
954 685
324 62
316 243
610 314
248 222
484 199
589 696
734 320
824 302
493 686
766 532
634 269
339 100
412 15
756 618
748 735
673 841
193 599
536 942
85 970
627 746
679 925
354 694
935 576
722 161
181 89
279 958
482 222
864 597
148 98
927 46
800 717
872 799
55 588
304 219
953 827
352 293
691 771
558 342
479 213
308 687
859 192
591 251
11 537
370 697
753 775
388 613
816 109
782 82
544 109
247 323
641 755
7 772
778 824
376 163
637 23
700 352
397 254
675 711
818 862
539 61
91 33
518 9
972 577
105 589
960 902
539 953
576 173
134 960
461 379
648 94
869 823
23 88
258 965
132 843
480 859
971 657
383 690
64 180
924 57
180 363
122 834
835 776
55 668
495 102
763 516
322 409
272 852
478 447
429 480
765 518
346 152
540 452
647 931
856 752
288 845
951 386
275 443
284 309
114 285
277 191
812 17
8 498
228 643
273 119
316 954
591 311
430 919
176 530
716 629
1 114
522 327
320 878
609 187
907 435
95 595
188 802
974 890
335 657
16 122
809 196
617 735
574 51
522 29
217 419
610 593
578 378
385 898
885 698
490 780
459 287
598 876
281 376
952 652
685 901
124 150
523 832
637 577
231 757
255 527
258 495
41 46
786 442
384 573
444 883
263 201
889 848
781 409
651 233
189 929
741 408
711 516
746 853
162 22
951 431
918 711
774 241
838 590
273 593
361 684
701 539
901 900
263 32
639 290
727 911
793 719
348 835
713 830
658 712
272 403
474 6
21 248
26 20
115 264
16 619
404 588
605 712
813 227
465 125
179 474
643 126
374 302
559 43
857 768
417 657
590 164
592 665
400 499
755 53
731 651
280 92
177 768
945 203
726 655
547 958
472 708
856 697
229 598
782 611
83 910
788 273
227 225
447 682
536 596
20 727
234 638
261 74
387 429
625 221
876 960
827 812
164 879
514 13
170 577
166 343
486 687
177 485
636 484
309 885
176 382
894 193
210 794
476 889
666 715
581 160
697 615
539 415
661 908
164 906
829 135
386 864
831 595
836 463
329 310
266 361
938 757
86 647
592 679
366 644
230 59
628 850
277 211
307 31
736 955
828 869
31 296
836 806
182 148
282 23
798 468
201 554
521 534
608 370
824 356
532 29
595 57
832 645
32 490
676 546
814 774
607 703
910 203
88 680
109 770
204 313
99 597
789 758
477 76
449 883
511 920
570 104
521 693
486 593
942 706
530 203
599 871
612 960
455 109
782 255
418 220
79 571
397 238
729 888
962 385
371 120
775 371
287 408
148 486
259 701
435 864
171 35
821 579
406 126
797 902
441 797
203 650
946 99
731 117
125 42
446 81
403 78
719 865
662 932
481 168
544 158
916 933
897 400
324 352
