1000 9901
637 198
964 266
488 67
60 855
461 304
501 707
263 300
517 791
989 890
259 571
195 749
214 91
199 269
26 837
8 456
262 470
773 300
454 997
240 337
593 339
441 542
597 379
799 979
478 126
8 38
748 776
130 372
181 597
240 63
312 668
847 628
922 605
918 555
932 850
831 1
944 780
869 809
268 462
553 40
350 342
121 110
116 363
766 606
178 479
753 593
349 6
6 745
572 108
746 682
379 975
952 697
810 699
732 888
738 457
277 187
727 695
202 538
441 450
520 763
478 871
742 400
177 456
417 441
932 328
770 383
935 539
827 114
920 272
868 590
103 972
621 882
15 521
772 884
384 93
612 587
398 402
603 280
620 893
774 185
315 548
690 1000
622 740
81 423
546 43
604 789
678 564
935 95
650 221
899 344
825 81
38 806
385 752
578 363
959 186
893 418
472 834
165 417
151 626
578 410
100 842
7 750
601 811
434 386
308 415
458 268
847 810
702 107
668 143
959 920
843 774
711 235
839 438
313 624
98 230
851 214
389 971
377 293
359 717
605 661
108 467
257 677
455 318
729 758
631 929
702 79
269 54
123 489
723 967
300 652
544 210
467 133
340 125
841 432
930 963
771 477
168 38
773 631
746 639
231 245
822 952
93 244
650 889
154 104
213 715
679 802
738 636
860 117
957 732
136 930
948 769
254 8
76 792
684 735
893 847
488 416
288 988
741 619
979 858
263 109
102 991
233 156
106 402
405 198
715 884
37 832
941 490
607 807
675 194
253 50
367 450
38 646
628 162
884 212
319 187
11 250
453 623
33 262
737 510
786 719
510 701
132 493
543 761
180 497
734 824
475 695
280 391
69 967
161 388
279 807
258 714
203 769
275 140
673 532
282 688
798 856
123 86
986 216
479 101
688 610
599 276
821 778
949 325
950 934
332 329
374 244
122 149
32 117
160 442
507 981
734 372
554 135
433 631
236 124
737 545
772 224
620 410
782 953
269 90
507 563
257 562
535 323
729 795
900 332
39 944
230 753
433 337
987 982
566 899
754 675
575 979
491 101
46 231
795 664
681 452
406 255
335 15
505 304
359 181
839 623
236 704
755 592
996 878
577 644
712 701
658 703
879 563
793 988
512 506
154 878
731 238
73 374
571 211
848 519
10 353
836 149
909 607
843 322
20 826
579 495
453 756
544 803
137 755
979 596
564 686
157 272
882 313
699 853
630 955
703 805
461 186
122 642
138 239
324 758
327 721
772 610
39 93
25 567
501 750
601 720
907 689
747 830
949 22
971 450
555 131
257 945
631 436
535 53
744 200
372 777
156 334
782 430
911 206
751 783
475 512
648 910
556 751
522 939
562 876
449 109
415 848
679 243
756 806
445 217
781 607
123 483
986 815
694 532
716 116
329 497
772 53
647 887
164 261
301 419
539 243
503 538
990 24
558 956
705 152
250 311
913 939
453 114
182 592
270 312
511 140
408 525
273 421
875 25
738 179
463 478
727 829
735 514
793 783
956 129
908 456
234 5
14 895
789 315
315 869
763 970
984 525
738 516
645 709
813 86
823 372
410 539
751 779
720 937
865 968
77 219
793 218
335 163
820 645
470 778
24 578
725 768
617 911
506 982
682 565
224 607
685 702
134 401
858 274
399 216
863 519
648 588
721 106
596 898
778 499
172 934
447 236
108 548
950 733
347 392
773 188
61 634
777 185
947 585
485 522
927 679
282 744
100 855
692 435
471 984
477 539
557 823
134 520
856 700
393 386
299 652
948 212
87 552
970 396
271 417
593 362
496 59
324 780
601 232
748 777
436 407
23 369
958 308
531 322
879 681
784 742
914 889
258 213
633 793
607 373
921 444
381 77
425 717
379 974
585 879
522 748
649 766
300 862
936 934
763 648
503 909
163 430
36 160
20 557
130 189
24 680
386 339
400 415
723 102
566 619
847 144
249 755
84 583
944 528
475 369
901 885
831 756
391 87
509 18
291 323
195 255
417 297
510 420
2 645
793 182
724 602
468 349
91 47
43 320
284 686
716 536
732 300
608 354
527 231
276 186
650 75
7 954
379 217
889 592
823 564
518 66
214 308
332 64
850 517
670 296
534 867
488 350
610 697
132 191
769 429
468 759
164 744
21 829
703 305
62 506
692 6
813 790
425 109
456 949
292 283
889 321
27 94
952 905
886 22
190 521
28 444
108 242
481 32
706 571
546 964
27 749
266 455
50 134
841 145
741 442
64 278
214 792
838 198
733 52
145 555
555 828
148 510
974 458
400 247
637 728
672 964
286 260
988 102
120 647
391 955
712 864
106 403
470 592
91 365
613 416
543 53
394 124
323 942
529 751
660 375
989 509
628 163
646 838
647 27
962 619
881 633
916 72
884 324
279 996
343 145
989 671
8 724
621 520
345 309
309 146
864 599
648 516
775 405
967 941
90 483
91 838
60 655
132 268
904 381
887 250
1000 390
824 180
380 117
898 915
39 367
42 17
939 293
744 907
851 945
393 329
968 755
808 104
274 444
562 939
670 550
360 515
490 990
734 373
312 742
558 711
170 268
597 163
545 968
451 969
530 28
948 307
861 622
633 759
692 573
526 16
118 863
36 804
781 254
620 42
503 678
159 965
14 727
933 387
735 779
519 846
866 998
614 584
407 828
926 852
999 134
411 441
253 544
714 50
897 626
771 73
45 852
571 475
362 232
330 394
3 352
991 947
633 51
997 562
7 514
628 370
810 771
577 564
569 900
127 654
662 143
332 742
421 819
499 47
281 352
979 889
709 160
250 839
327 797
699 118
489 961
243 50
20 938
629 618
103 631
20 25
206 836
850 292
802 87
458 641
845 19
349 836
902 218
669 229
835 5
159 711
402 952
489 911
480 780
639 920
233 580
859 264
164 834
648 911
117 942
152 734
592 40
544 278
507 146
327 391
114 464
871 149
84 392
268 631
948 241
436 269
420 906
147 850
464 574
360 639
640 593
471 789
882 732
613 604
27 105
304 818
946 321
138 564
602 751
572 395
592 457
98 30
745 969
17 236
771 391
153 988
444 229
417 855
514 447
69 715
460 895
173 370
581 373
943 882
857 757
549 151
678 453
956 255
915 657
923 494
28 650
802 725
84 552
823 329
515 168
152 1000
813 435
672 925
451 398
234 2
988 191
676 788
76 801
257 217
77 504
614 289
817 1
780 147
488 905
659 802
732 180
981 277
257 356
475 253
708 445
232 398
125 93
756 26
495 63
741 307
499 184
817 227
917 184
591 273
708 83
637 83
116 550
30 498
379 853
694 949
418 368
848 485
554 232
81 458
281 271
623 134
716 292
868 127
561 593
910 380
712 451
699 719
535 718
869 659
483 40
29 332
838 994
711 368
549 533
165 284
717 991
810 67
938 28
998 968
13 984
509 945
540 96
365 325
147 878
991 17
829 342
317 34
190 816
50 351
824 580
648 24
744 737
191 686
189 819
285 693
291 552
520 210
723 557
192 35
874 707
156 646
433 271
895 811
911 534
805 63
734 111
718 880
903 742
27 915
836 667
305 853
362 270
244 878
482 935
746 680
323 633
715 671
53 988
700 41
666 489
562 6
413 664
832 174
359 252
676 2
97 437
372 121
390 360
407 586
230 107
158 724
680 340
111 732
59 113
225 361
138 352
728 576
196 62
965 654
77 365
3 598
315 344
297 949
580 324
929 452
832 605
724 603
102 787
195 143
729 317
406 79
738 779
831 314
281 634
135 371
17 812
695 347
441 124
793 471
63 29
525 824
485 331
811 215
812 292
246 616
693 39
399 31
513 833
787 414
293 745
294 178
759 298
836 263
430 106
989 973
904 160
317 469
374 238
433 760
506 30
430 143
113 336
701 335
817 753
173 758
411 1
605 659
734 297
37 71
113 289
973 699
959 632
654 238
213 774
572 435
900 362
938 677
886 23
233 660
320 116
670 884
951 681
862 28
899 18
828 148
97 134
792 994
600 43
770 797
329 123
386 18
978 664
458 70
606 912
220 251
597 691
525 438
607 526
844 876
63 748
796 719
900 518
392 157
110 585
940 770
906 702
615 128
980 515
818 482
909 569
550 821
534 430
229 470
102 940
360 283
983 813
231 520
876 707
867 996
842 639
132 713
115 19
323 62
586 632
295 188
500 590
963 110
232 228
530 695
240 593
396 769
38 614
475 792
741 45
191 76
33 102
878 142
203 946
792 245
38 163
324 148
744 951
626 238
242 231
777 240
526 981
907 629
892 215
76 98
591 781
856 710
998 769
752 439
694 526
372 965
494 444
350 208
668 237
657 900
342 916
606 417
83 548
44 211
251 490
416 645
182 808
454 205
41 120
494 834
314 316
831 706
87 817
656 413
383 78
149 514
277 573
481 466
997 726
482 781
299 833
286 677
92 716
476 339
884 592
296 985
481 67
601 370
933 275
774 793
794 235
776 594
62 883
304 339
15 913
605 187
183 965
311 48
645 816
660 474
409 56
943 959
471 837
201 190
827 710
42 890
395 445
707 612
10 412
766 449
839 655
204 832
923 720
176 123
374 882
659 886
72 60
271 580
453 609
715 786
384 104
554 20
867 943
907 68
508 151
971 777
272 701
20 939
229 91
674 440
752 952
551 994
988 792
372 629
142 749
768 44
411 540
270 337
153 294
316 663
752 757
132 631
216 402
982 422
711 284
507 770
327 23
238 918
578 115
374 214
618 848
307 27
878 742
420 794
672 99
984 181
861 625
274 323
458 36
792 828
778 883
549 948
161 851
590 57
657 19
970 42
678 363
296 949
541 673
301 444
304 480
801 796
897 605
184 778
24 991
760 489
631 574
233 431
583 443
940 676
478 767
687 489
102 759
712 731
805 606
684 673
461 792
172 461
210 24
799 112
4 622
987 496
901 928
189 910
581 968
28 984
323 984
91 340
58 23
888 218
798 331
108 845
417 252
469 609
147 471
81 47
134 51
462 348
410 827
512 495
418 286
864 818
258 887
152 494
357 283
237 821
953 252
916 496
366 43
350 620
406 834
650 36
501 704
410 954
547 692
272 982
555 225
223 375
670 306
854 447
86 21
177 847
821 174
551 117
313 383
9 918
321 132
947 760
216 366
532 719
330 730
312 833
171 100
204 247
226 795
935 550
266 682
496 61
867 30
264 179
346 531
114 599
190 229
468 34
985 248
435 219
865 402
256 934
890 71
471 745
550 499
734 171
370 931
773 528
153 959
378 642
913 917
917 581
79 942
600 255
322 861
32 312
951 362
678 486
828 471
741 914
978 324
562 7
501 614
193 680
236 522
701 688
478 731
229 951
638 373
250 666
632 572
719 28
666 136
334 58
926 734
283 840
187 663
36 384
451 139
569 556
290 23
972 543
297 965
318 761
724 612
46 584
251 566
124 312
215 83
437 213
579 276
337 929
963 795
970 814
219 389
573 954
82 631
29 924
809 484
930 201
308 213
259 907
846 845
336 246
285 163
837 886
865 897
906 305
212 536
708 997
21 970
891 182
463 649
445 174
925 356
268 937
56 499
922 246
222 288
423 635
541 180
548 71
416 896
684 682
666 999
949 282
408 826
151 194
962 772
688 822
763 362
912 506
86 509
531 352
145 493
735 896
976 328
528 682
841 437
257 580
442 456
369 664
562 457
803 76
801 875
788 891
164 61
101 710
497 270
196 750
801 964
239 584
844 798
477 195
656 138
698 987
55 42
244 97
870 245
482 682
174 332
858 741
162 300
144 367
758 102
279 707
107 616
606 578
898 267
58 92
479 652
512 714
462 357
245 923
764 957
103 589
388 995
926 103
452 490
695 446
772 905
419 739
721 176
830 274
134 293
88 595
897 123
323 492
90 481
972 967
982 358
407 404
203 438
632 723
191 434
892 285
312 889
757 649
369 888
874 983
680 548
492 2
4 230
353 460
406 694
578 159
431 225
469 286
326 505
329 427
184 418
792 801
761 424
322 624
758 15
245 104
970 55
611 827
634 196
761 138
889 445
176 560
781 77
819 294
126 308
199 568
353 904
156 698
693 998
766 740
892 935
992 801
956 324
776 546
372 3
943 958
325 371
348 52
461 883
409 936
836 769
763 803
568 819
955 117
760 27
499 49
881 825
448 131
45 278
85 793
768 783
682 717
148 97
96 274
564 681
921 481
665 298
531 488
885 655
427 107
160 942
747 674
363 873
939 792
367 829
314 427
946 936
825 29
789 698
773 325
702 373
206 612
100 47
483 161
268 787
946 116
933 527
293 672
269 439
39 74
67 788
423 946
907 993
416 964
915 490
990 850
772 417
80 787
80 465
777 461
281 694
622 889
271 511
330 921
667 266
744 647
583 118
131 217
662 829
656 998
924 266
433 481
119 279
348 724
117 401
503 644
662 877
870 944
339 120
982 978
676 153
92 320
553 210
644 703
439 45
850 404
123 782
533 609
571 274
790 966
478 764
542 753
340 584
567 838
54 831
974 892
580 467
11 968
414 407
457 944
188 544
357 215
547 123
876 757
510 399
612 595
793 223
372 436
676 684
879 423
43 345
718 425
449 514
699 882
404 350
65 594
636 303
164 898
552 880
898 644
117 878
372 761
587 578
143 32
555 224
775 479
651 725
765 751
713 876
644 426
764 425
69 813
295 610
313 495
276 741
744 965
251 183
17 275
400 421
18 108
241 798
847 842
327 139
583 90
511 79
772 187
900 368
463 232
947 183
767 286
862 38
865 258
573 49
757 788
889 388
231 205
58 517
554 910
224 357
352 298
775 554
408 620
323 635
305 932
678 487
477 254
794 32
795 281
260 236
862 723
22 394
685 330
528 11
896 495
206 198
478 875
7 499
671 920
551 758
823 77
736 93
37 680
479 683
188 708
686 319
413 809
620 583
498 403
614 45
979 672
532 592
618 845
516 937
560 105
337 928
752 961
268 379
897 262
994 770
846 803
354 677
501 818
411 598
375 793
967 565
548 617
350 585
920 976
80 93
152 378
199 348
635 890
941 983
212 537
454 228
747 904
215 662
479 13
527 467
658 350
740 422
83 925
523 648
730 235
552 627
839 434
571 944
18 80
494 565
395 646
765 838
89 413
329 398
476 555
592 260
579 542
490 667
929 324
736 735
739 452
23 7
728 115
396 187
753 736
665 415
314 540
408 729
446 557
16 494
54 554
400 77
918 387
606 980
641 821
969 425
41 146
535 142
684 580
704 138
957 728
482 568
712 645
453 361
770 61
258 329
119 918
689 171
173 90
391 39
231 804
127 663
704 424
824 797
966 552
381 8
111 867
917 28
738 715
766 133
452 309
526 742
42 585
189 806
444 817
160 532
837 678
87 75
329 239
471 488
882 273
661 246
686 565
379 265
601 650
645 551
349 893
595 637
7 923
121 902
952 270
226 527
891 259
34 646
532 249
15 322
939 137
777 246
688 407
468 679
30 746
416 74
329 85
315 989
77 693
835 473
494 614
229 831
890 299
374 200
138 666
714 637
113 370
701 337
596 633
415 559
731 934
59 323
438 708
331 276
791 114
813 904
361 985
876 40
642 133
109 919
502 334
677 58
553 100
221 494
331 626
71 573
794 233
481 178
688 288
802 716
684 552
22 451
760 318
779 708
852 278
230 422
323 704
862 683
704 261
262 365
97 163
326 612
93 871
684 334
512 743
141 689
897 51
954 68
745 217
138 393
488 846
453 752
921 909
525 435
134 85
566 72
683 300
367 207
722 330
572 981
447 103
472 625
552 917
720 311
350 630
252 555
523 276
393 277
960 885
794 865
895 752
268 780
894 950
200 670
274 253
185 302
852 690
834 965
564 238
285 795
143 493
754 172
610 608
60 541
481 560
317 426
134 544
912 662
571 907
312 790
904 122
99 78
778 543
733 70
670 513
303 88
624 799
454 156
754 398
201 616
539 326
124 684
209 771
929 522
472 459
356 404
856 113
841 483
970 217
503 327
438 595
540 219
447 771
417 852
839 809
623 886
370 393
334 659
211 68
748 485
110 954
809 383
285 619
581 259
784 43
838 242
235 331
864 281
809 392
115 913
794 124
228 656
745 522
374 946
512 933
654 736
234 1
348 25
284 817
727 543
894 52
570 342
715 931
918 772
614 183
483 691
746 119
460 269
570 313
498 670
115 92
979 647
820 641
975 853
452 269
552 595
385 348
617 115
29 773
748 770
422 764
458 215
159 535
493 62
68 723
683 54
906 283
156 174
319 802
270 162
199 264
386 885
78 703
725 320
977 446
303 286
658 379
696 954
153 268
912 754
56 328
293 421
194 928
23 284
939 511
27 217
672 18
344 67
680 765
575 672
863 133
681 213
785 823
919 183
250 228
658 831
37 130
724 460
601 319
303 707
197 460
408 621
540 430
482 930
909 223
718 818
244 152
740 805
871 13
802 756
822 755
550 546
311 122
149 907
408 267
84 688
604 319
974 857
274 724
822 285
895 211
870 311
480 284
922 431
651 167
357 202
582 509
231 737
34 191
842 582
241 609
862 925
258 567
941 274
11 213
732 441
993 579
578 979
802 43
694 997
453 857
349 792
816 851
803 687
109 332
882 204
845 472
4 712
481 813
426 102
648 259
322 55
307 921
430 84
661 454
457 119
886 575
670 300
414 622
454 939
259 683
354 375
669 972
265 286
326 229
912 847
969 818
423 629
440 446
550 160
95 77
87 697
787 863
2 509
592 261
97 953
743 588
139 700
855 692
17 24
442 615
149 249
514 499
454 356
30 375
442 470
38 777
117 72
962 227
719 694
849 881
921 412
999 239
451 557
680 21
701 865
390 696
376 44
908 61
620 887
183 19
171 555
948 957
111 765
918 861
906 701
547 533
798 487
870 94
617 809
210 369
506 808
233 16
931 339
148 79
846 98
745 141
104 771
264 896
789 962
438 272
418 774
45 466
661 248
350 667
501 789
7 922
263 556
730 797
252 105
380 150
273 564
402 848
720 219
424 936
843 884
341 813
151 572
890 598
544 274
530 487
273 854
511 706
807 913
114 296
161 761
57 952
596 523
99 85
908 703
327 189
122 1
714 973
571 844
459 730
887 314
750 831
50 501
982 746
325 829
877 77
662 724
22 887
79 834
174 595
545 558
286 680
468 203
677 57
759 114
828 187
463 80
826 765
912 134
438 918
168 150
335 10
357 590
754 958
616 931
592 152
28 721
214 824
415 243
366 615
728 387
101 474
927 84
132 906
576 320
409 863
375 668
381 43
92 162
789 4
438 466
828 622
484 308
211 596
196 128
159 284
211 946
910 586
342 408
3 990
257 446
582 886
399 112
717 213
275 62
259 965
811 571
891 302
930 382
643 875
754 90
826 447
440 238
424 531
96 848
868 214
541 88
857 355
394 547
277 922
593 361
942 932
985 455
360 337
420 950
203 14
350 179
997 272
728 415
428 917
268 706
300 411
903 984
632 975
766 842
801 582
506 196
701 976
264 504
853 410
545 601
331 384
84 72
144 237
361 984
221 497
558 816
5 976
856 144
969 407
495 903
900 579
387 656
649 709
690 43
233 428
505 727
552 24
735 521
477 265
922 182
396 305
608 799
101 65
422 679
332 695
576 317
832 855
872 900
569 932
185 947
85 842
74 945
358 374
713 325
438 446
612 605
244 377
524 283
175 917
863 876
869 219
941 702
263 342
671 341
627 41
890 829
835 84
858 287
256 351
928 541
333 287
778 508
863 659
977 788
543 589
857 462
512 191
902 236
180 37
401 336
699 707
829 624
665 983
389 831
526 912
839 315
803 865
756 775
246 349
283 197
781 638
434 363
770 753
950 867
97 547
239 722
631 42
579 919
981 23
30 989
235 861
701 152
902 657
195 815
700 336
524 518
982 530
539 783
992 542
562 288
746 517
302 31
491 846
951 267
144 201
273 491
405 286
239 548
799 418
459 210
678 485
292 160
222 929
595 457
888 317
151 383
927 270
452 942
148 487
810 820
461 680
318 819
943 624
983 551
15 881
315 495
903 166
600 399
504 292
638 203
405 210
867 923
907 48
950 118
54 59
179 541
297 970
928 656
124 315
487 971
570 77
989 517
793 298
647 67
872 301
889 657
379 367
821 380
604 892
72 341
436 798
169 765
131 670
422 284
854 503
598 78
547 355
237 790
419 857
919 816
649 308
318 796
337 832
981 759
375 136
712 404
217 794
697 32
475 734
810 802
172 534
263 745
379 58
811 489
540 809
338 913
37 525
895 695
513 615
990 665
22 671
425 199
854 184
658 495
236 135
413 531
990 808
683 832
467 429
944 277
900 455
199 13
674 756
327 71
553 509
776 856
938 673
922 810
26 359
458 304
734 79
66 242
192 178
601 282
107 33
438 907
629 428
813 725
279 345
804 932
875 36
287 178
288 756
455 888
719 223
456 778
353 978
796 596
447 568
931 999
551 345
847 59
353 835
661 745
253 234
788 715
550 990
437 425
936 990
150 456
172 400
799 53
432 45
430 552
695 100
135 429
270 684
384 63
902 465
200 116
443 571
266 63
142 618
508 254
536 433
129 877
811 777
538 707
134 254
845 106
919 999
21 664
349 891
263 559
266 273
125 980
329 899
608 498
460 95
310 194
673 74
353 435
512 200
894 920
199 322
203 775
609 792
170 68
8 311
463 761
797 233
833 919
289 306
853 941
759 443
338 885
941 842
47 879
138 521
289 802
696 115
610 969
368 420
223 110
616 202
445 32
691 312
865 765
592 339
866 302
815 219
602 276
839 33
491 447
306 72
974 683
991 267
908 877
248 613
710 161
861 779
771 63
828 180
616 646
266 701
174 34
636 729
529 241
583 322
175 252
936 13
899 387
258 9
960 147
874 313
418 707
755 598
745 556
201 110
909 887
984 62
295 536
851 216
779 343
118 901
508 461
390 455
653 451
12 461
327 792
550 853
207 271
183 276
96 166
812 164
542 965
162 867
980 114
112 944
619 839
65 730
889 728
102 735
929 369
23 87
256 197
186 266
741 508
82 683
751 55
885 829
320 679
358 919
267 122
751 932
336 76
21 557
379 203
696 817
293 685
789 552
424 532
80 182
314 425
946 649
415 862
91 982
203 176
412 907
800 974
873 520
287 297
770 746
442 843
386 49
502 31
490 575
716 193
221 701
848 969
436 728
838 308
431 134
925 114
408 885
580 907
317 251
784 752
714 881
456 577
908 785
395 942
141 190
288 606
680 944
771 27
499 722
406 34
335 120
468 351
343 605
645 655
279 385
248 193
50 843
241 904
130 211
976 54
334 435
816 414
870 801
926 599
858 809
477 199
469 996
404 805
442 80
745 409
48 199
193 994
949 527
254 213
668 937
139 344
893 994
548 259
232 258
30 213
111 427
686 894
683 90
348 424
134 55
328 367
374 588
12 727
217 611
750 695
396 886
290 465
328 644
627 40
129 853
974 319
298 804
744 268
636 298
873 168
30 503
307 526
822 720
536 24
668 199
886 678
155 578
671 394
730 978
893 294
198 676
695 528
219 347
937 532
313 274
281 812
467 709
154 823
821 170
808 775
346 842
790 939
57 789
226 676
298 233
616 100
815 460
216 370
56 475
274 110
312 837
939 352
672 165
584 913
791 528
435 1
436 494
772 384
902 519
779 244
763 796
160 504
490 531
291 606
241 771
939 526
544 94
584 847
1 853
136 704
9 598
704 329
531 441
130 482
22 828
44 668
732 593
291 781
832 103
905 765
988 378
86 812
538 185
796 625
592 175
456 426
37 627
115 879
280 728
372 70
227 861
197 893
549 488
666 148
323 811
641 338
182 114
59 997
906 790
364 62
508 356
703 645
682 640
662 426
721 942
688 49
686 540
795 482
850 11
56 955
152 462
686 349
894 530
801 938
822 392
756 727
6 360
265 749
212 949
79 512
751 988
958 285
845 873
319 832
802 378
933 964
55 842
904 214
298 205
551 609
483 75
750 143
74 660
146 9
912 437
350 249
545 181
748 980
622 837
688 774
494 568
443 550
27 167
621 243
398 770
739 120
793 645
696 293
662 718
248 428
504 790
889 221
767 319
273 325
226 383
870 572
926 866
545 753
257 969
990 357
193 310
904 624
10 643
356 838
826 469
134 734
552 66
480 109
813 357
231 976
219 904
475 290
974 776
757 440
650 578
906 552
434 517
845 549
168 617
63 632
975 513
660 398
589 544
1 31
556 303
719 877
560 810
353 556
301 836
231 140
457 396
868 760
925 258
154 678
485 136
768 982
16 587
537 159
721 906
831 325
483 427
569 302
788 8
59 604
845 102
640 15
345 319
368 616
351 369
78 475
215 710
94 731
26 789
177 907
300 523
63 274
798 835
655 254
575 439
703 194
925 324
127 49
307 149
485 407
435 121
922 621
9 652
435 230
130 648
437 828
614 864
282 895
523 919
359 383
343 858
195 858
126 342
556 878
156 715
451 749
982 603
253 585
142 402
283 712
545 669
819 298
107 12
184 883
296 839
50 164
123 870
914 701
205 520
529 786
235 497
466 395
560 1000
281 249
123 150
54 966
93 868
46 682
448 757
805 647
884 128
920 673
242 866
985 879
512 361
287 725
769 126
510 486
811 999
208 304
7 218
690 984
569 729
418 247
756 361
96 878
29 943
301 586
342 414
215 900
953 235
975 958
601 729
786 957
751 935
437 299
893 498
308 56
238 185
705 676
522 850
561 696
284 33
621 264
283 251
382 414
298 276
248 663
263 982
506 83
568 458
808 712
421 42
102 116
640 792
800 173
620 358
912 439
610 204
114 959
84 219
247 633
901 871
513 583
5 589
961 783
925 876
552 252
631 644
774 683
597 788
698 701
454 351
280 590
208 580
358 187
32 106
365 961
629 20
888 402
713 105
186 235
280 876
945 78
653 405
233 204
489 90
236 796
382 495
208 662
224 921
405 188
563 600
548 229
626 540
92 128
724 589
868 637
486 392
492 845
953 293
149 296
152 68
968 6
954 953
519 163
890 827
867 95
588 390
146 753
608 460
351 312
560 431
349 775
752 647
294 136
80 4
708 910
358 771
164 876
744 954
651 550
718 219
968 674
458 272
49 821
251 331
646 136
649 218
354 176
175 66
273 62
476 579
113 319
386 887
939 513
103 225
160 360
930 836
978 908
464 830
514 490
183 757
763 419
268 85
808 313
895 166
734 224
538 279
501 939
10 748
999 196
288 455
201 31
510 19
611 825
943 909
567 817
533 897
662 111
867 703
428 904
719 488
253 196
879 624
464 803
292 896
422 851
499 124
233 115
745 869
228 917
735 968
357 247
584 133
396 565
517 703
55 272
230 751
194 948
285 491
822 50
21 273
157 209
51 850
587 772
180 374
16 767
993 689
498 113
764 884
145 346
826 275
372 729
820 821
858 96
125 959
293 659
424 606
873 933
782 361
752 562
734 802
275 233
43 773
83 816
525 240
866 409
147 831
714 581
610 914
739 234
801 776
800 102
985 174
566 669
291 637
469 746
807 605
210 631
282 792
299 970
271 50
640 910
456 523
309 235
936 501
389 725
545 519
931 844
586 381
651 669
805 221
990 219
300 539
528 318
800 435
984 400
549 216
128 684
988 514
682 848
795 328
32 668
279 456
581 216
647 658
76 784
221 217
261 674
372 91
300 200
174 337
569 881
272 425
349 693
336 764
957 950
262 276
524 255
982 231
932 660
71 968
486 120
996 551
584 161
837 273
987 172
925 455
64 809
263 267
582 623
752 914
713 492
306 810
381 358
536 435
898 550
388 1000
975 564
584 415
413 43
847 281
159 603
4 779
4 536
958 857
533 924
267 554
198 850
898 840
773 364
209 351
281 890
436 18
955 758
464 299
214 854
806 383
997 480
325 689
88 886
627 607
866 445
773 927
591 952
690 329
752 548
838 703
730 348
17 479
639 724
882 691
352 938
668 26
31 714
783 379
843 36
528 831
774 532
745 982
731 811
951 538
829 122
244 910
415 329
795 423
121 46
801 778
783 654
143 879
917 632
476 216
24 969
832 928
151 304
10 676
871 449
908 77
659 820
528 873
980 514
729 585
713 76
219 919
111 685
737 86
167 591
651 258
444 540
836 782
250 735
15 939
119 743
351 242
58 125
77 303
759 823
334 230
318 555
9 885
200 198
38 730
668 869
741 361
686 490
29 829
301 568
821 257
471 392
834 652
565 780
312 222
155 632
341 861
177 980
654 72
627 364
755 291
593 76
850 565
190 82
356 190
322 122
858 88
398 447
21 400
455 186
38 870
285 791
90 369
647 854
80 327
338 855
468 822
92 874
294 990
193 233
352 950
297 91
528 969
835 727
435 197
183 611
256 976
241 358
903 874
83 695
411 380
700 318
377 199
255 34
558 823
830 568
724 27
836 573
377 176
532 659
607 430
425 618
46 122
286 421
378 586
720 941
52 630
352 97
153 112
519 93
802 607
396 912
867 787
543 212
358 410
626 650
634 879
629 821
977 316
642 854
182 7
205 414
975 718
617 998
871 937
983 211
50 653
681 885
441 248
149 311
703 752
368 979
405 526
927 905
440 431
186 671
643 944
579 92
548 705
509 571
935 3
170 139
9 15
172 557
526 996
928 307
289 271
860 706
455 158
351 473
100 863
302 759
159 966
255 573
441 549
709 856
433 725
697 340
551 337
535 588
991 30
939 499
958 429
631 500
856 307
51 211
825 504
95 250
499 997
868 442
330 9
670 144
443 762
279 80
212 53
37 142
594 701
446 882
196 609
123 963
434 938
550 324
827 961
865 374
77 881
787 404
84 990
970 987
308 795
540 473
818 151
416 216
253 850
456 428
897 40
75 642
97 88
335 892
174 163
67 754
885 239
881 308
883 372
245 623
391 79
124 592
175 852
936 628
901 463
170 91
888 354
366 892
426 433
67 417
452 365
492 690
534 743
917 229
502 796
625 424
335 688
859 58
769 470
901 305
100 398
854 755
765 428
786 627
308 211
282 256
309 134
424 944
522 9
942 108
265 32
48 688
837 50
834 918
858 16
971 275
790 949
60 594
352 672
705 867
281 959
838 961
929 891
921 955
296 698
652 829
523 546
624 716
238 592
649 245
818 740
218 516
383 194
679 401
203 344
795 188
706 273
981 153
179 147
291 973
239 771
644 975
888 527
264 435
263 834
844 566
302 62
714 6
988 425
644 749
277 81
46 67
395 889
912 45
823 281
576 90
745 565
931 1000
163 114
656 433
680 311
475 341
558 440
724 928
763 906
34 364
970 544
955 220
777 684
336 652
44 85
279 798
813 799
582 477
931 343
201 495
717 378
519 452
31 429
651 84
489 510
694 42
396 542
48 113
295 181
333 450
29 969
105 355
425 73
55 533
8 732
941 532
56 200
315 825
252 468
973 276
523 461
428 655
929 918
87 394
949 475
74 551
493 943
352 845
354 279
456 977
302 559
998 824
416 958
578 102
880 322
493 721
22 553
494 730
813 882
977 652
598 220
903 777
892 505
235 806
60 203
207 404
763 268
137 704
625 355
883 835
923 252
193 479
529 101
787 961
714 171
588 704
477 31
776 458
690 176
238 550
196 697
489 309
808 59
831 961
914 270
126 137
185 697
628 715
760 323
64 330
430 873
289 619
246 248
920 435
379 748
803 94
901 949
24 279
666 202
723 407
779 473
763 918
124 664
399 440
880 714
935 730
719 835
315 665
813 250
707 907
618 82
103 542
508 174
185 885
320 794
622 485
953 376
683 291
24 164
997 79
66 291
798 112
589 181
885 826
851 646
726 502
618 647
397 538
825 39
976 208
104 966
445 782
907 569
492 303
756 952
63 304
985 346
969 893
640 267
290 908
377 805
705 811
528 812
981 910
29 273
429 572
109 852
471 813
645 200
630 286
61 17
834 275
467 358
624 867
607 122
995 796
465 889
891 735
217 444
588 661
974 650
690 197
327 334
552 254
400 123
553 75
168 231
705 256
748 312
653 32
819 264
72 937
28 642
710 930
982 839
698 554
628 303
274 894
663 504
975 830
633 215
979 81
250 641
876 461
126 52
384 301
257 209
955 38
884 960
131 552
277 358
408 163
393 561
836 867
637 898
92 19
208 496
560 869
232 502
34 148
896 295
695 169
182 4
275 674
430 726
845 205
2 553
77 163
650 461
33 184
12 722
107 852
664 33
811 850
996 222
302 939
124 497
125 808
842 912
958 790
51 534
802 482
473 424
881 283
316 690
812 719
155 756
670 309
817 679
509 972
316 969
894 983
753 289
240 508
185 333
132 204
796 379
826 528
906 407
198 581
471 979
60 574
422 189
596 728
777 386
118 364
532 280
910 102
288 177
680 595
164 588
723 30
208 632
583 963
251 314
186 246
331 322
351 783
597 99
156 879
752 212
606 243
916 785
9 603
900 161
93 373
221 416
594 698
4 474
575 909
781 62
231 203
749 650
400 103
257 994
512 888
989 44
554 539
210 981
186 802
909 811
608 832
352 14
249 762
712 766
666 147
116 78
853 879
638 207
529 617
586 874
716 813
145 862
826 918
955 179
439 834
560 769
23 643
742 25
600 514
765 216
582 502
272 621
771 581
918 916
225 579
615 378
618 426
734 359
676 718
254 982
123 376
594 435
261 256
544 868
7 796
154 752
600 800
401 645
755 252
502 70
356 17
655 961
312 151
677 839
977 219
541 285
251 922
843 766
612 433
578 353
686 876
428 676
217 911
6 215
825 200
354 368
324 868
660 766
19 238
520 265
4 122
394 886
297 1
796 125
31 720
485 920
70 894
456 958
607 45
499 960
260 802
653 821
624 939
143 631
39 902
942 301
729 288
567 704
752 79
550 278
26 146
800 264
856 221
468 291
452 744
605 318
274 932
828 3
131 821
959 324
580 748
656 148
175 420
325 503
774 708
206 266
706 978
653 249
641 657
415 26
119 876
338 21
653 330
541 580
362 927
101 119
258 754
996 594
279 680
36 887
908 280
215 302
382 293
405 993
21 81
25 150
651 198
671 11
950 86
592 606
239 21
538 860
74 43
55 743
115 392
354 720
590 155
404 284
246 989
127 120
985 675
705 347
648 525
846 944
996 101
834 840
659 143
919 705
276 581
5 1
912 785
87 389
113 10
463 618
63 364
285 930
235 763
414 734
139 493
268 731
587 511
806 95
402 863
905 382
28 251
838 716
30 793
182 800
735 92
328 503
409 452
913 52
78 456
348 719
993 262
866 12
922 778
575 628
814 276
192 99
11 537
999 808
367 447
611 800
335 96
12 901
527 614
343 949
605 258
608 554
145 748
899 391
874 293
400 830
738 276
745 528
942 154
581 186
68 259
791 371
686 159
747 974
928 911
67 717
124 554
562 13
491 541
111 796
276 455
746 830
956 417
44 171
941 435
84 825
508 312
770 317
372 351
983 201
146 998
661 69
658 632
918 604
266 479
159 424
42 678
66 288
454 699
793 407
82 566
46 869
517 824
683 448
591 715
816 384
209 441
952 204
817 698
216 491
556 582
610 647
406 920
651 575
602 35
813 503
477 525
599 306
456 792
200 866
19 294
437 635
777 502
890 329
411 80
268 767
14 495
308 712
307 132
448 292
424 84
100 761
740 393
680 308
711 379
738 103
574 449
102 54
729 766
31 974
469 541
625 415
974 570
189 310
84 964
835 900
834 943
417 735
145 712
753 563
809 813
98 744
101 519
304 375
50 839
657 309
418 739
292 792
365 958
98 603
301 86
280 903
811 649
888 4
999 272
729 724
951 173
662 160
149 83
133 574
491 304
153 400
409 830
319 263
637 264
837 326
250 864
44 125
168 691
885 586
617 996
172 74
139 68
205 109
869 198
941 697
708 68
915 994
418 278
423 11
371 746
542 199
100 580
238 126
169 533
460 12
843 17
845 544
553 959
823 603
720 152
186 524
150 931
284 401
602 148
215 651
665 986
247 26
470 319
825 284
772 509
773 68
207 696
43 683
820 481
277 810
117 683
852 946
636 857
838 645
30 966
986 952
164 476
320 403
815 159
339 846
678 173
790 491
882 584
181 165
69 362
594 699
649 522
743 286
326 218
190 170
701 998
714 115
418 660
789 387
274 976
813 381
766 295
468 494
839 553
736 374
699 378
242 942
980 385
590 73
393 556
430 529
259 785
931 44
497 608
146 591
591 335
98 816
561 168
600 690
158 14
909 750
604 202
366 237
242 903
581 694
656 531
363 921
720 358
384 861
211 881
530 731
877 688
548 656
797 111
270 273
825 94
493 56
688 578
688 482
411 845
29 182
433 789
12 932
678 781
751 841
789 620
591 545
422 79
351 63
542 364
736 552
980 963
783 66
668 514
117 4
84 457
571 969
56 362
624 490
939 465
799 841
303 30
179 100
911 863
398 774
832 266
193 320
829 83
37 160
304 345
357 596
387 751
983 365
27 660
103 129
961 293
314 1000
850 230
23 960
454 517
340 580
289 574
603 882
403 53
59 916
194 757
603 595
930 129
272 571
8 785
50 704
231 936
149 252
102 820
735 525
733 974
497 878
206 886
673 59
604 861
417 45
842 838
60 931
247 271
413 473
90 70
169 621
677 653
256 395
111 413
773 250
557 595
299 367
981 775
322 132
804 768
694 660
952 115
298 173
981 514
820 42
752 416
763 32
856 382
428 943
982 258
506 59
658 460
363 350
347 793
421 50
425 951
298 463
97 212
981 202
195 861
990 920
776 238
176 601
355 387
361 962
931 586
507 716
843 182
611 210
667 68
207 263
671 628
156 711
325 200
198 78
603 528
792 967
28 396
308 360
406 138
227 955
727 470
935 865
650 915
742 373
335 129
568 844
242 523
758 963
620 992
824 849
514 21
163 225
914 859
20 862
140 740
210 188
788 347
702 801
560 202
987 141
556 158
100 354
580 20
203 498
159 427
557 425
918 716
299 28
103 766
470 199
678 536
436 979
893 285
660 994
203 841
833 498
997 303
693 102
694 705
315 685
437 344
692 150
758 755
833 355
905 46
281 964
393 258
213 385
30 713
234 362
380 406
146 58
740 406
282 522
464 665
528 814
891 2
602 467
804 907
57 990
921 881
902 540
544 472
104 479
947 901
87 654
353 480
647 872
71 150
727 287
303 982
627 858
832 370
596 267
101 979
317 246
106 327
670 810
987 926
602 487
435 375
883 801
736 728
836 631
710 134
583 140
988 508
109 517
519 932
850 509
322 846
514 292
897 596
201 103
143 844
572 82
813 280
830 654
46 926
343 713
288 817
715 634
900 984
336 921
46 488
638 326
841 32
537 287
849 605
633 326
135 210
432 27
825 532
917 492
152 170
116 155
299 43
137 570
210 160
49 230
395 510
733 788
383 911
833 914
112 838
318 714
500 745
12 637
824 587
681 90
461 194
744 482
652 432
87 8
768 914
38 596
590 161
371 749
34 999
971 522
807 211
170 231
480 947
13 667
198 665
787 396
146 380
591 686
260 500
8 357
191 284
600 976
968 599
933 555
55 893
886 581
482 279
483 82
394 705
87 588
91 521
717 981
831 914
658 389
715 252
705 934
570 696
593 617
363 183
934 824
549 95
550 488
939 803
288 639
189 393
291 816
596 13
241 990
257 785
847 444
425 587
28 736
1 276
577 601
154 826
768 562
148 348
774 504
520 743
318 900
393 595
55 511
257 428
941 506
413 316
998 245
858 184
106 309
452 217
860 206
552 679
168 656
371 939
172 200
673 981
86 642
747 580
675 163
257 334
912 589
426 335
13 359
211 899
360 455
512 452
307 704
370 32
262 872
949 34
623 63
20 330
86 98
151 672
189 621
461 456
194 197
335 865
33 193
566 440
172 709
356 369
32 391
198 532
489 912
897 27
972 43
848 217
305 150
686 989
17 65
268 930
485 676
89 203
57 933
222 297
308 67
27 269
924 53
853 137
477 741
151 868
796 437
905 320
190 730
363 258
201 739
991 396
481 339
154 299
49 513
715 994
737 642
238 689
810 478
528 675
633 611
573 109
722 291
268 117
714 5
842 94
26 3
11 733
250 485
785 310
395 541
440 865
666 467
6 592
577 692
72 812
988 202
996 717
79 171
120 56
482 675
493 784
914 884
609 116
606 434
690 719
174 452
103 396
422 962
738 707
333 157
642 797
461 57
423 366
655 513
161 197
659 578
915 940
437 48
724 806
754 410
101 99
764 805
15 517
513 921
521 893
661 257
954 893
668 547
228 122
360 178
829 976
705 546
801 119
658 123
967 934
938 184
725 656
659 254
109 75
39 352
681 407
143 262
401 163
523 684
247 982
808 377
217 139
293 102
834 546
170 755
354 116
506 171
442 659
478 205
279 36
541 433
943 13
585 609
359 378
363 127
734 386
865 465
166 478
724 671
115 671
957 274
61 349
946 5
254 374
809 267
684 913
980 228
541 612
729 476
141 374
727 642
598 782
177 34
80 751
422 780
774 561
866 590
999 494
158 357
16 895
932 293
966 777
270 739
515 484
82 387
944 106
319 370
747 639
875 578
988 867
662 484
367 102
8 925
154 647
671 382
730 678
68 961
324 363
567 313
792 61
632 316
431 618
199 510
733 578
497 205
9 134
806 552
410 975
18 846
432 523
566 354
489 590
309 251
312 81
976 72
595 654
688 476
641 915
755 468
393 257
492 185
311 791
904 650
497 341
27 324
247 161
930 603
612 169
377 376
484 548
359 696
813 757
857 776
181 580
130 758
62 473
861 583
592 452
991 452
278 273
808 924
299 790
193 271
401 474
654 757
899 199
286 655
322 732
809 214
176 667
46 15
620 144
359 124
933 300
149 782
724 150
102 294
249 882
984 763
865 72
918 50
371 259
922 177
984 618
659 958
834 536
104 533
266 780
237 743
615 194
907 13
67 312
927 198
983 698
715 808
111 931
654 590
354 948
517 845
281 506
944 22
673 968
211 633
285 258
896 638
567 492
347 73
409 606
893 222
821 353
289 944
966 778
805 246
113 660
534 590
262 909
873 146
621 564
364 547
661 313
166 804
952 101
946 837
698 318
717 242
521 351
461 436
857 471
416 27
141 511
630 556
96 883
795 537
725 328
530 294
539 540
521 57
83 904
530 185
119 1
990 823
47 146
236 41
482 890
40 836
338 601
362 924
334 981
781 601
905 517
66 539
599 310
696 510
214 698
516 169
3 118
921 543
593 778
499 519
378 648
144 192
733 258
990 371
573 530
460 918
84 986
430 202
344 903
914 623
37 492
975 106
248 227
563 876
110 713
538 50
707 665
559 728
784 158
270 953
108 947
594 253
139 50
710 687
492 904
976 581
225 471
462 484
64 595
823 942
824 761
922 276
290 822
771 582
59 872
760 971
432 870
654 913
90 846
953 324
24 112
392 500
822 166
699 937
78 342
7 942
621 536
747 869
513 813
665 666
464 437
686 768
449 263
964 482
712 411
886 567
545 109
473 58
790 841
4 982
838 965
780 115
570 635
367 707
633 118
299 547
198 311
744 751
109 136
221 590
386 677
919 374
777 268
563 287
411 26
443 685
795 176
948 466
700 371
316 4
723 532
108 230
861 800
476 322
460 811
499 656
61 425
376 453
712 575
963 223
737 988
32 942
410 274
33 981
415 7
55 60
810 787
337 319
31 55
895 308
115 111
764 576
747 402
841 729
492 771
882 439
849 326
8 994
617 930
926 450
786 689
306 807
368 896
166 79
78 259
25 949
869 28
945 708
640 150
932 964
54 312
561 948
66 330
301 753
360 179
56 204
424 912
578 721
336 204
450 92
33 236
142 830
489 994
787 455
395 965
440 218
761 890
474 557
942 801
134 418
873 900
584 753
35 967
934 389
155 302
800 953
303 222
269 282
507 883
787 165
365 369
296 392
208 692
815 371
322 420
416 801
625 5
511 808
467 334
57 674
866 152
114 917
443 713
460 617
852 859
299 507
178 182
415 679
610 149
991 368
829 117
61 235
979 344
746 565
986 656
18 734
460 847
361 738
625 577
659 363
274 903
793 653
473 444
876 342
951 420
461 664
780 12
103 167
586 207
415 251
106 104
768 763
162 326
534 470
983 853
965 314
219 136
400 622
906 808
391 800
957 607
604 29
42 530
918 595
871 529
929 266
267 879
107 876
570 12
773 425
738 966
560 42
544 943
941 739
910 594
657 593
807 254
756 742
155 639
45 964
621 736
432 524
683 453
868 79
956 256
7 519
873 983
801 18
159 856
772 373
920 640
982 66
956 617
4 942
117 547
887 67
959 886
882 833
960 667
356 616
29 414
178 888
70 810
930 715
74 313
890 199
886 59
359 409
880 64
666 374
595 324
961 946
981 447
770 216
689 495
889 208
357 618
139 299
912 105
88 771
516 635
745 497
513 491
951 57
283 128
921 126
957 904
759 872
909 997
513 260
695 52
132 854
280 993
326 712
557 68
872 682
64 999
854 526
971 814
771 762
902 400
210 448
251 660
68 806
17 828
586 679
932 911
312 272
411 580
266 321
696 758
540 40
203 998
310 926
459 368
824 282
238 236
77 786
631 528
564 292
837 808
56 115
42 74
998 885
744 760
290 940
75 398
173 885
798 556
70 647
382 693
75 31
795 806
777 279
65 5
529 374
37 968
473 872
40 837
571 889
654 30
677 135
364 134
62 581
781 169
417 926
326 78
737 725
3 121
683 651
145 280
734 234
607 376
760 417
745 691
905 742
690 116
654 427
468 378
92 318
257 791
352 403
405 407
95 358
657 278
549 256
573 410
267 914
651 496
87 13
84 697
379 827
486 253
567 188
325 305
371 143
728 588
452 180
552 282
456 143
220 440
661 206
684 271
996 521
98 860
140 601
466 383
847 653
918 936
389 310
580 223
46 601
231 617
880 592
112 246
439 636
335 703
160 625
488 30
35 494
781 953
829 857
301 652
661 348
556 902
303 487
20 315
599 77
962 220
122 929
949 450
937 394
937 651
99 467
669 269
526 884
444 466
89 201
877 96
949 371
402 150
131 492
61 883
388 453
704 36
502 47
873 713
639 698
329 555
610 940
402 297
890 685
943 506
786 67
539 281
353 302
596 478
634 137
373 931
464 897
502 201
558 918
316 5
174 927
726 728
89 645
821 764
269 844
149 611
956 85
39 787
334 673
11 590
156 621
340 498
987 841
861 848
352 448
499 659
944 516
945 349
432 360
710 95
974 947
974 992
832 969
392 966
20 726
421 945
903 365
719 965
810 931
978 65
634 559
999 341
548 243
936 597
314 201
760 121
353 549
727 335
882 436
93 571
3 719
262 40
506 928
783 982
416 408
459 474
3 860
480 543
256 352
185 62
96 623
392 352
302 999
881 342
185 431
872 47
912 902
330 551
664 315
388 155
427 439
726 201
32 421
345 34
791 519
706 61
761 603
27 235
952 852
492 117
44 277
24 18
791 741
373 761
356 708
748 838
857 348
22 925
631 923
623 242
197 361
550 423
766 561
821 720
532 805
771 39
596 208
724 13
497 274
453 455
141 227
948 725
163 311
297 573
960 235
889 59
430 771
563 320
931 826
625 721
200 48
427 523
679 584
253 789
438 137
558 474
867 765
906 759
937 327
452 125
788 759
951 69
111 792
917 469
757 278
410 521
225 451
315 668
634 946
971 773
24 58
326 336
284 628
911 393
856 882
402 256
428 189
375 219
754 611
414 909
878 182
453 937
113 968
459 292
186 628
595 656
85 354
656 892
937 433
186 999
100 161
119 71
485 617
775 10
934 422
402 79
169 872
565 413
138 725
855 928
576 917
772 404
97 542
169 249
721 452
725 404
818 726
764 382
588 940
327 152
312 655
810 370
278 420
9 721
178 200
783 421
937 13
886 56
210 569
47 478
31 549
587 253
443 837
705 362
687 46
966 19
783 635
224 340
442 407
832 19
62 648
178 445
624 213
1 412
532 936
516 469
760 501
44 470
351 746
762 335
374 537
395 132
782 560
767 210
126 174
680 214
865 78
386 321
119 931
824 897
452 962
236 937
478 890
617 718
72 734
664 921
205 263
466 821
765 207
106 476
197 931
36 487
989 391
793 164
958 686
45 367
621 784
413 203
175 924
732 431
567 368
618 450
46 939
820 570
712 131
522 182
876 910
623 975
958 904
561 866
212 810
68 694
89 750
356 201
838 829
289 144
919 660
276 906
868 108
405 746
29 174
303 435
910 329
512 136
731 316
864 667
136 140
290 941
305 867
919 634
706 101
688 728
123 413
360 569
951 773
825 401
256 660
757 598
406 666
616 266
583 958
47 301
723 782
606 357
57 616
426 114
60 281
807 182
460 547
501 185
563 178
123 763
506 225
622 659
550 412
745 912
669 546
50 434
415 382
696 384
516 171
349 230
131 79
807 77
316 465
728 17
567 616
549 45
953 940
201 951
827 967
650 884
528 325
780 503
582 8
344 973
331 645
244 226
614 367
324 233
736 249
55 75
332 716
314 67
645 909
324 120
932 383
127 629
864 29
289 352
958 763
187 496
872 632
284 926
727 426
992 433
959 279
945 845
877 996
293 809
935 366
37 959
730 668
162 192
497 215
243 279
190 306
856 810
753 486
258 352
55 956
722 411
742 606
708 858
843 757
989 943
209 389
318 33
981 879
263 736
158 462
108 653
824 166
808 747
536 794
475 582
424 724
78 737
192 592
263 881
433 666
530 264
414 743
882 823
296 430
665 811
541 136
230 779
182 942
757 554
804 171
957 184
984 202
113 224
791 817
740 655
154 310
412 738
736 746
753 780
504 662
331 498
686 773
631 807
944 807
852 176
65 258
925 956
452 582
783 514
729 50
538 451
991 687
767 436
735 682
335 56
88 507
269 666
693 765
499 259
373 486
470 640
914 736
560 964
745 456
391 24
842 398
383 610
132 920
404 229
866 536
888 64
482 995
618 233
690 714
770 338
902 319
405 253
561 127
158 991
471 12
219 223
937 920
884 219
243 213
320 950
392 515
854 567
713 405
683 317
78 257
56 72
347 288
521 443
212 866
488 394
472 527
199 420
299 466
707 465
910 662
488 281
403 464
446 406
94 420
494 386
242 363
427 455
194 454
69 746
920 580
528 853
947 941
674 591
805 311
952 853
151 133
192 858
15 392
835 736
142 376
553 439
628 797
973 850
957 77
908 919
1000 944
931 590
622 587
329 288
865 470
4 264
614 747
390 993
278 65
448 146
297 233
805 250
662 861
94 900
317 944
32 576
788 803
422 655
442 355
116 382
139 257
893 514
505 705
387 836
970 797
148 561
224 151
791 281
141 40
16 227
141 865
386 493
300 171
435 840
918 887
97 377
794 257
908 313
712 906
350 728
842 565
523 993
640 814
6 236
944 109
537 210
556 154
298 678
985 992
696 621
20 47
39 253
81 79
605 752
739 542
242 90
613 57
621 734
603 127
768 168
698 281
898 807
441 816
191 228
412 247
431 341
146 423
241 99
77 765
282 743
815 563
839 329
108 725
289 469
716 20
956 619
646 491
761 645
706 30
834 75
86 300
284 168
574 25
37 259
575 288
977 593
227 398
75 592
168 206
271 451
899 810
189 86
501 164
502 135
286 976
23 534
711 49
326 465
734 466
112 77
60 229
244 634
460 655
889 267
192 981
264 482
636 528
411 728
132 364
407 993
193 445
305 859
19 745
187 347
760 391
957 307
378 577
321 529
804 474
614 497
693 974
213 660
932 102
129 293
511 403
704 205
23 919
814 902
562 231
638 330
430 911
366 521
965 139
414 387
722 562
267 175
175 814
785 511
860 230
2 688
152 221
480 762
780 999
929 443
177 702
327 478
937 976
371 832
100 258
524 412
567 286
453 874
682 548
539 981
97 423
962 468
209 290
358 985
678 568
551 778
73 863
482 261
462 587
85 404
485 426
968 659
741 249
337 739
378 497
420 766
682 233
55 889
964 283
761 816
997 464
800 884
817 810
506 413
973 863
351 87
134 763
798 530
32 93
288 183
212 350
573 754
696 163
60 282
725 24
321 802
288 405
257 730
627 826
467 249
264 63
749 755
749 781
135 622
981 480
451 685
16 510
126 489
166 628
101 725
836 536
491 813
24 520
667 814
559 372
288 849
550 601
735 599
149 912
421 923
723 119
619 454
608 821
382 416
366 549
364 270
906 533
728 568
73 319
955 201
334 182
357 255
158 992
840 23
689 69
996 410
299 186
758 261
764 369
417 171
793 304
898 494
677 946
167 80
774 56
127 339
262 876
618 694
859 160
540 37
271 982
271 469
276 824
649 290
655 297
955 738
8 261
172 520
764 82
307 787
787 29
511 723
344 527
518 351
901 109
942 891
427 474
10 155
641 48
792 564
223 124
354 253
389 938
265 660
104 396
431 99
344 443
821 951
606 439
297 11
460 497
898 385
448 489
153 777
717 727
187 564
170 682
615 524
92 921
843 129
994 47
761 264
779 921
528 679
212 80
895 253
416 597
680 994
678 349
112 228
884 578
960 18
908 210
212 199
175 317
822 904
216 854
398 724
447 989
283 660
802 700
774 702
757 30
760 302
399 801
245 298
83 195
659 906
969 38
510 134
58 271
610 304
888 466
281 228
365 545
965 178
698 863
127 667
672 235
187 222
763 899
909 555
894 123
625 998
241 681
186 26
885 412
362 476
86 563
486 505
713 267
237 573
119 569
998 356
765 103
200 289
137 336
357 501
394 321
887 763
548 546
876 983
583 422
228 102
981 544
998 582
765 329
949 2
592 769
590 268
721 163
5 250
794 785
635 933
657 699
214 32
949 435
18 375
180 269
789 538
373 577
342 196
750 193
398 90
497 429
337 580
443 156
839 501
645 76
961 111
960 825
32 133
273 109
650 45
739 14
705 98
308 609
758 489
84 200
308 528
311 499
984 453
822 997
325 179
2 246
745 760
743 349
917 640
899 397
645 657
80 957
818 199
706 816
460 156
250 628
180 835
804 133
642 40
292 881
371 216
776 702
462 1
528 79
983 993
931 26
699 22
63 903
376 817
488 811
905 28
798 345
285 314
436 698
573 787
99 960
63 869
210 475
764 982
233 906
896 112
592 719
223 611
996 289
122 658
391 707
103 757
842 871
38 956
829 927
190 203
137 477
800 651
103 842
416 132
200 571
937 550
596 927
958 204
691 979
82 760
458 402
549 454
975 497
364 872
565 427
223 39
66 254
123 499
820 11
291 735
56 440
960 670
333 948
173 671
263 969
730 312
600 688
218 596
984 902
431 505
119 846
282 809
389 627
139 864
216 45
749 381
796 210
155 218
933 455
383 16
991 337
390 962
248 493
897 574
306 533
329 172
854 824
439 435
188 241
979 230
482 914
139 479
714 89
200 890
843 439
257 776
755 894
577 711
5 854
615 907
41 790
124 870
88 436
607 551
701 702
83 251
414 369
35 124
241 791
112 665
390 270
197 784
533 854
516 644
295 391
354 961
760 68
929 457
38 492
963 535
291 292
656 291
58 25
868 554
206 913
888 232
281 510
428 232
585 264
937 983
77 92
225 681
544 863
708 66
985 963
289 948
91 64
845 87
370 57
354 658
63 238
502 538
673 814
525 773
397 934
74 821
607 726
863 631
973 243
601 216
156 307
963 933
696 872
650 185
246 654
318 11
488 338
165 444
882 958
575 97
65 248
599 383
964 680
913 426
513 528
695 776
186 872
578 54
961 422
669 877
194 271
359 587
71 87
661 761
921 848
723 732
122 221
602 291
985 89
697 717
902 652
544 104
805 95
537 785
203 261
361 925
732 692
288 517
622 512
224 387
810 630
840 717
468 278
552 193
130 107
224 370
305 983
287 195
839 918
257 788
738 359
5 842
62 821
13 367
254 29
880 988
720 897
615 60
11 914
776 331
452 32
624 465
901 869
666 154
466 132
859 743
436 604
92 206
534 413
572 704
557 165
150 517
372 413
231 618
156 440
154 763
393 897
272 884
203 566
683 352
149 452
100 438
427 174
447 163
802 430
34 772
369 284
493 161
9 194
318 84
730 956
712 415
63 480
310 667
262 542
753 87
757 647
795 918
209 677
378 244
804 968
92 810
74 749
243 962
378 103
592 776
712 327
304 745
250 157
886 750
620 54
72 740
189 630
1 568
4 421
301 357
999 146
287 278
738 152
667 156
335 58
81 722
680 1
954 480
719 160
352 434
923 423
358 120
509 228
127 821
634 699
400 759
378 115
352 144
941 72
708 341
525 649
267 153
380 742
704 961
93 647
613 464
336 644
619 53
379 550
513 242
306 848
57 302
419 435
669 463
512 131
802 208
651 989
963 95
309 113
38 913
189 539
873 878
86 909
860 636
110 7
351 379
632 515
464 405
228 502
446 5
85 331
200 623
916 301
223 189
338 985
636 74
32 440
839 359
91 967
574 912
761 751
852 530
88 895
596 678
507 887
542 574
190 872
28 67
949 765
507 996
260 894
708 596
416 660
53 673
383 589
451 838
164 353
240 967
630 212
689 518
377 50
602 573
16 424
87 951
45 819
301 329
161 645
107 6
988 389
239 525
221 18
390 513
36 153
537 660
741 988
888 384
82 203
690 394
752 256
862 660
760 186
689 194
489 100
716 797
219 799
21 13
98 912
428 1
909 590
897 14
609 260
944 111
48 52
712 27
250 966
362 668
516 967
996 339
65 727
617 898
279 939
319 206
447 5
929 270
267 867
756 371
464 83
450 154
252 18
916 483
370 101
578 670
376 750
398 277
327 337
437 305
939 83
716 958
964 550
379 14
678 764
950 625
631 308
378 330
731 322
473 118
259 751
242 397
351 125
136 98
28 48
5 256
743 700
195 828
592 483
914 64
939 543
627 800
576 990
889 265
139 752
373 958
815 75
404 756
249 27
715 274
644 798
776 494
634 430
762 219
795 734
230 285
162 533
269 847
589 858
718 518
774 756
867 572
279 410
466 127
214 993
468 465
474 914
280 153
872 865
608 811
680 360
845 530
827 11
956 493
776 859
707 561
245 658
525 989
214 707
106 72
470 569
1 44
647 173
998 195
747 449
492 816
885 823
43 454
413 200
452 370
733 927
148 11
519 4
354 800
844 515
673 956
410 778
911 494
716 630
495 301
759 560
100 403
851 573
673 813
157 99
696 762
461 478
564 433
765 368
582 846
108 533
630 694
208 963
100 241
589 160
830 423
263 782
398 19
293 455
792 474
756 779
904 180
122 875
928 42
925 825
749 62
808 84
809 889
633 605
354 70
579 86
185 397
909 270
52 273
930 747
240 33
847 582
355 368
891 770
892 569
531 341
530 526
723 573
675 958
326 66
261 871
221 440
994 248
260 596
410 25
795 699
469 570
697 877
311 171
349 20
541 662
728 899
233 491
344 908
788 997
201 5
555 946
438 810
993 33
478 571
995 623
466 99
413 616
140 992
412 861
839 550
917 296
187 71
427 596
634 676
270 898
894 907
352 245
991 594
708 370
214 751
223 887
208 468
689 411
305 402
458 900
628 88
691 516
557 164
154 585
229 51
180 713
107 923
237 1000
722 520
8 602
771 803
428 495
34 914
555 284
591 618
180 495
91 220
147 222
483 150
730 957
234 716
510 913
89 811
901 474
540 654
119 155
601 904
86 64
588 130
327 430
422 70
960 569
189 329
997 498
800 914
708 635
279 551
587 673
787 140
695 879
404 770
313 533
62 184
672 220
69 644
142 240
517 428
231 814
851 219
859 577
529 342
123 299
183 525
165 2
847 602
773 835
300 751
27 33
728 210
156 843
755 656
744 604
14 712
862 12
684 788
499 742
830 622
46 217
999 141
895 76
770 237
53 927
383 440
420 438
331 725
794 231
26 13
227 117
999 226
784 977
736 442
220 203
917 731
538 224
595 497
15 808
440 982
242 542
149 946
331 819
244 112
282 341
785 586
681 521
884 126
301 791
922 553
837 374
106 384
332 578
534 426
775 960
11 159
195 202
340 801
822 101
168 882
778 247
281 437
814 521
341 621
307 693
414 251
487 995
94 879
775 230
997 82
726 10
695 399
517 955
918 682
155 918
357 229
18 482
254 724
833 40
650 239
389 724
531 864
56 64
587 418
117 985
298 5
801 250
623 319
832 576
765 889
213 103
260 232
264 235
35 808
696 238
954 50
675 138
946 330
305 594
76 616
700 701
353 334
444 99
136 308
265 912
710 258
468 105
732 718
821 683
992 611
204 611
23 57
830 955
763 500
430 37
517 377
364 345
556 127
130 417
481 83
995 200
984 91
143 881
892 636
62 867
67 919
32 690
380 982
698 543
421 383
363 118
794 106
427 527
745 536
818 340
110 315
58 289
336 579
577 539
337 286
211 261
91 299
154 704
510 307
537 437
87 470
573 591
791 504
797 635
279 708
145 402
803 470
552 726
30 229
323 125
175 900
917 179
595 969
115 326
746 295
868 776
807 356
440 302
480 575
884 582
25 517
928 434
252 386
470 73
869 285
392 239
801 21
341 212
997 183
180 86
570 986
402 56
958 93
393 267
692 425
187 803
613 873
635 161
88 860
696 27
179 946
496 1
4 58
776 83
623 77
782 73
948 369
696 138
865 533
152 892
820 299
415 753
184 589
945 260
226 629
201 782
248 785
718 869
990 14
593 800
830 599
420 127
409 202
482 912
719 234
921 295
414 148
615 901
463 424
357 917
641 672
775 675
644 573
719 155
22 505
797 829
619 103
926 579
802 597
324 970
116 115
797 942
484 511
159 193
200 14
348 158
276 483
525 401
189 926
870 63
211 654
485 19
927 204
529 533
651 6
798 187
746 136
712 56
327 897
293 817
129 816
447 56
930 66
551 950
65 547
995 102
746 426
855 28
12 858
362 10
368 604
354 515
355 806
377 994
674 889
243 605
536 869
782 408
52 125
227 241
501 498
962 100
545 52
565 185
624 587
507 833
750 255
165 267
755 724
574 937
612 228
995 244
905 220
504 697
543 854
105 894
96 87
327 235
577 244
299 586
766 768
823 179
368 119
847 577
919 340
722 902
394 957
752 205
662 574
95 381
131 543
100 645
174 900
329 253
681 80
934 485
995 688
945 475
1000 794
134 760
219 666
861 839
349 19
406 218
390 575
176 759
28 584
693 958
305 981
10 610
413 615
474 631
111 638
499 472
228 698
836 825
710 790
241 817
168 633
97 309
923 763
528 137
749 26
196 47
101 347
521 848
449 989
381 230
379 617
295 314
727 279
985 940
896 139
200 264
988 801
242 959
632 66
5 320
163 621
38 619
632 378
393 16
807 189
958 827
715 138
815 662
603 184
967 955
423 773
372 851
394 541
19 136
864 699
192 596
781 516
798 738
913 404
999 96
355 177
14 60
28 232
990 932
187 585
244 526
942 715
636 996
367 105
625 339
605 388
677 55
204 719
409 273
752 918
322 798
131 828
854 597
776 423
127 248
447 990
851 44
475 385
662 919
644 614
918 13
743 24
413 587
520 571
102 115
837 484
722 350
968 365
422 874
443 333
154 722
366 951
1000 364
167 642
774 366
354 903
707 921
103 492
270 697
950 47
663 910
137 708
397 778
270 552
16 583
277 391
901 650
467 215
780 569
105 361
712 223
453 815
777 773
542 7
211 789
621 758
659 388
222 855
726 339
396 200
868 987
950 619
809 517
627 266
111 421
373 590
247 37
543 520
395 671
542 28
252 349
972 70
479 86
88 833
485 705
658 437
159 896
825 348
426 159
593 648
687 834
269 55
446 756
839 391
227 487
749 406
861 636
330 996
905 502
924 310
784 641
306 125
307 300
606 176
594 744
313 726
61 229
923 246
830 283
700 486
967 257
917 540
331 611
562 413
490 384
914 542
477 134
31 243
32 691
533 605
148 573
429 767
918 41
37 488
942 163
301 105
271 310
505 694
659 939
514 122
495 940
442 65
427 671
913 649
840 372
681 612
497 599
260 649
577 907
120 202
817 100
840 195
192 335
182 54
409 730
271 708
883 84
495 410
958 518
134 68
707 770
110 199
536 410
21 350
371 793
617 17
601 692
871 668
927 926
198 794
978 492
493 214
445 915
264 940
90 34
271 11
739 915
540 576
189 430
462 994
69 936
950 631
699 693
132 210
632 656
726 238
564 253
289 489
22 737
313 483
46 265
838 519
915 399
255 659
151 820
557 849
48 815
431 36
751 623
166 275
958 271
706 316
964 996
825 304
92 899
255 497
883 952
960 447
559 137
639 351
127 139
184 573
848 740
80 894
465 896
662 893
468 617
414 411
838 82
641 566
469 661
808 1
701 842
410 476
525 412
908 100
50 892
583 426
219 607
555 985
348 121
75 659
153 125
979 969
83 252
650 394
585 66
995 397
349 321
971 993
104 540
694 504
862 513
702 890
884 121
722 108
206 101
929 462
413 853
931 136
381 193
653 656
367 18
10 131
452 380
534 726
556 122
390 190
717 622
217 622
57 469
95 629
186 307
750 307
424 991
186 674
151 660
869 431
856 962
29 56
949 71
199 360
419 824
973 321
77 780
856 625
986 252
846 608
647 529
134 620
925 367
378 364
489 845
312 850
298 365
463 565
283 211
939 630
735 249
499 833
887 466
209 853
467 268
867 174
623 709
383 160
580 988
505 820
818 985
412 522
936 404
28 356
406 104
735 701
322 585
448 845
468 384
676 173
187 488
542 690
429 107
106 136
503 926
273 139
19 999
392 959
64 652
943 518
317 807
920 501
701 560
392 782
157 530
196 40
71 984
741 500
223 881
115 152
777 701
116 199
138 481
492 790
509 912
96 379
205 439
635 718
427 901
101 230
600 699
656 765
537 908
797 324
45 479
85 594
397 916
821 334
125 783
665 754
119 375
104 52
46 827
722 800
90 107
882 255
479 863
261 40
355 837
708 839
583 597
977 377
318 42
108 650
255 629
94 461
704 890
213 615
282 731
514 926
52 961
215 839
240 353
847 774
848 864
42 187
632 823
541 131
139 975
449 171
285 581
605 880
71 52
71 865
493 738
60 331
260 133
264 320
709 946
88 900
344 46
731 938
516 86
494 692
328 500
344 221
882 613
978 612
118 915
501 9
835 809
106 955
827 905
612 502
334 683
469 732
348 771
855 151
866 832
26 11
325 27
193 746
912 24
419 120
740 168
35 168
348 33
332 670
409 931
279 406
528 103
50 919
162 317
783 973
108 443
794 310
998 736
626 22
915 726
755 791
538 819
152 234
206 93
758 670
465 37
656 330
197 249
312 496
423 484
930 24
716 553
578 518
635 603
907 296
842 692
181 3
972 786
609 584
703 898
864 536
428 604
376 725
591 231
695 574
664 551
8 342
650 237
730 927
590 387
659 12
796 262
651 525
726 195
485 639
142 944
237 14
387 628
717 772
791 541
722 666
809 886
959 859
30 613
568 76
616 980
386 529
961 99
375 305
964 882
930 702
382 759
455 377
758 370
460 529
743 746
293 465
709 918
468 4
360 645
786 417
473 938
277 730
164 536
605 630
771 412
250 731
999 802
637 684
465 564
118 878
46 251
552 156
19 282
351 764
158 608
529 892
128 563
240 567
741 985
785 411
435 734
662 35
441 413
638 162
968 394
861 449
186 75
793 33
903 220
245 556
99 111
833 379
119 616
655 764
237 541
440 321
883 87
958 519
237 942
642 616
388 343
119 44
907 340
565 784
219 476
863 543
685 727
228 6
545 460
157 30
179 231
21 575
764 39
527 325
346 888
916 716
954 635
829 637
61 723
895 748
260 63
246 320
85 78
583 835
459 905
193 229
670 625
87 641
237 276
75 249
576 930
60 371
170 735
320 224
321 857
783 419
390 6
536 740
217 393
991 349
957 477
870 614
600 70
891 601
657 1
344 772
442 401
171 821
562 446
67 996
230 272
107 487
969 384
1 406
258 511
704 83
763 752
712 638
343 704
824 543
619 465
550 897
600 386
489 759
989 272
644 562
557 44
171 753
64 591
771 594
850 969
614 54
228 885
840 79
380 920
253 390
200 238
827 347
223 562
967 291
446 936
896 80
766 573
208 152
712 280
826 256
955 620
174 1000
281 653
786 269
290 709
536 149
648 975
194 105
876 130
696 987
588 153
401 321
424 766
612 23
964 660
398 752
626 439
476 818
293 452
131 505
4 905
463 564
9 789
563 410
141 252
294 299
473 192
592 378
80 430
904 459
553 353
582 873
835 703
819 34
123 753
415 727
657 589
312 544
477 954
825 382
23 99
729 322
692 626
694 776
184 841
439 403
460 910
814 197
864 326
936 179
295 752
791 239
558 206
374 639
413 613
286 397
415 43
770 38
240 639
478 713
500 897
326 525
205 340
701 591
567 42
718 178
99 830
931 284
93 720
8 974
81 232
104 791
121 671
530 815
438 260
573 855
63 185
88 706
868 962
295 26
78 350
225 826
725 929
820 907
185 345
808 947
769 339
384 767
186 583
316 762
138 802
947 520
454 520
330 522
812 678
463 746
7 580
765 642
731 286
829 677
77 640
726 8
354 263
501 468
651 625
646 133
655 25
436 289
700 950
96 902
740 343
354 246
874 993
564 37
35 817
661 793
891 110
509 186
302 505
485 909
89 492
878 684
740 693
541 420
173 121
382 954
532 665
457 449
511 18
113 423
867 266
179 780
652 373
451 652
913 871
878 889
862 386
336 828
26 8
67 956
339 195
549 348
992 791
439 100
462 191
616 951
992 22
179 603
619 664
976 763
483 797
301 148
448 584
505 521
146 167
71 814
555 689
611 717
79 291
567 14
625 15
300 483
751 322
589 419
333 101
171 342
941 358
724 650
30 31
659 589
157 136
271 896
772 635
494 59
636 352
582 890
566 159
540 638
336 196
781 836
983 354
34 663
312 456
114 457
868 34
579 145
265 473
948 122
92 943
84 384
946 615
268 639
51 377
274 424
8 4
161 634
94 200
259 405
868 407
361 831
51 23
344 11
786 414
273 241
257 660
725 871
83 678
356 850
486 737
433 491
567 648
416 519
736 652
19 610
867 294
300 605
840 698
583 162
148 729
634 406
433 213
586 21
913 835
589 946
221 110
975 133
230 452
267 330
140 980
359 160
179 518
250 200
845 665
188 968
745 541
562 253
552 443
111 688
591 122
651 305
543 231
67 694
654 644
506 742
456 127
171 660
135 113
926 260
858 582
77 290
742 220
438 349
901 603
208 302
393 844
431 908
919 939
573 949
618 376
485 303
697 143
570 135
475 841
848 493
223 511
650 63
690 812
584 311
108 557
589 58
147 234
411 670
63 324
820 242
313 368
904 269
777 1
796 363
246 726
195 628
787 88
471 963
593 345
730 146
144 529
346 667
910 741
772 403
421 75
559 808
541 330
999 530
212 320
104 457
288 272
416 837
736 842
762 914
778 927
31 669
203 284
904 841
887 750
9 555
47 487
127 181
593 805
10 875
314 770
328 394
516 333
855 156
6 759
927 755
20 272
343 594
738 348
120 923
84 776
785 501
440 802
610 258
258 367
671 769
893 657
829 545
157 524
874 46
358 407
196 54
614 164
941 396
335 909
819 976
396 519
474 291
383 945
167 836
370 336
704 528
813 210
524 267
466 959
551 546
922 84
868 678
599 822
363 950
345 423
350 688
262 890
265 166
29 901
782 338
860 433
536 103
419 685
848 457
170 237
35 971
674 205
638 746
470 104
402 904
114 446
65 834
1000 419
693 64
381 673
699 723
616 83
470 693
229 544
731 674
454 975
293 451
39 291
303 158
307 219
401 98
165 287
387 147
147 755
331 382
812 775
73 336
965 755
631 188
71 368
360 996
246 254
162 851
221 436
59 473
969 160
782 757
417 775
749 638
843 505
689 979
665 159
142 1
828 482
120 951
282 458
582 177
107 339
474 626
296 674
996 723
315 144
157 639
90 642
474 741
805 623
148 358
41 754
617 659
815 139
287 893
629 796
850 27
440 972
551 625
937 933
419 410
37 983
461 11
869 158
392 622
270 595
141 889
186 354
133 825
931 653
584 401
342 353
259 879
750 461
346 31
845 455
367 903
460 43
65 957
66 494
748 662
753 360
114 418
271 649
411 838
868 558
864 702
313 424
260 97
781 513
564 183
859 501
56 390
165 300
916 628
326 369
716 169
792 681
335 364
649 224
686 444
516 80
865 594
296 179
445 270
411 130
396 214
514 593
217 343
94 15
131 3
316 29
524 730
231 146
641 850
640 779
970 14
588 721
187 296
708 121
297 440
61 335
562 500
904 639
692 710
970 992
384 451
813 342
254 34
167 601
667 945
796 731
289 715
966 655
127 641
343 253
386 435
404 442
120 177
71 280
157 500
512 749
732 72
720 640
944 120
102 848
30 141
641 56
971 785
203 747
521 706
315 761
483 587
326 176
323 18
986 382
694 39
485 305
419 519
973 84
665 291
314 307
479 927
184 745
873 192
102 690
569 319
197 646
437 439
845 26
591 586
206 748
907 699
802 463
481 856
479 189
6 327
747 969
329 796
282 650
501 518
602 83
513 546
952 126
224 817
207 724
632 742
687 734
963 670
692 64
126 796
769 969
661 715
645 182
421 650
481 683
647 1000
860 405
549 682
881 138
758 368
886 165
243 933
943 422
55 949
765 888
941 601
606 292
18 821
827 713
19 500
101 932
596 947
305 679
583 12
893 586
145 446
44 708
954 763
359 509
291 869
164 253
169 321
409 242
763 633
395 771
13 464
878 794
292 153
171 856
541 858
486 83
213 761
462 914
831 837
335 138
743 57
693 868
443 63
236 957
739 634
818 291
430 997
162 351
400 712
29 749
266 225
653 499
140 650
841 787
93 742
689 423
508 163
290 106
988 885
129 808
920 205
377 620
704 723
195 456
603 455
180 316
4 738
960 808
608 874
691 936
275 81
982 232
640 361
938 93
185 316
518 398
764 400
692 437
995 132
310 166
316 897
651 486
852 563
815 425
29 484
631 81
428 815
105 791
434 199
476 590
869 989
781 299
784 593
86 473
731 916
511 68
334 967
778 879
734 154
214 731
782 879
567 751
948 403
58 909
455 637
97 865
153 951
83 306
585 916
253 638
254 265
472 172
952 709
628 542
495 545
660 453
637 984
365 801
849 680
421 543
957 701
406 173
580 552
395 188
420 345
407 589
382 258
903 227
166 956
978 110
611 370
653 390
55 492
663 749
861 740
489 468
695 389
509 905
419 481
902 510
158 30
287 702
915 897
519 3
85 699
125 842
220 610
60 911
735 624
12 854
252 51
751 91
986 218
534 567
132 403
151 657
890 701
160 844
677 761
540 679
977 891
752 517
74 529
783 397
294 10
43 790
317 363
303 159
454 972
809 723
937 294
994 689
799 968
583 801
251 344
17 256
273 926
611 82
847 988
114 752
631 53
388 377
192 874
355 230
448 388
377 290
895 992
93 422
990 972
387 35
562 751
620 441
178 228
530 81
924 301
945 924
338 478
709 765
505 55
276 454
677 31
164 166
404 661
79 789
197 963
325 117
255 244
662 796
157 860
69 112
956 168
560 577
154 158
248 237
616 550
819 736
606 824
20 571
934 755
442 149
975 493
106 6
699 593
71 836
664 590
295 464
859 765
737 281
846 485
82 430
345 736
453 533
736 143
720 564
3 730
959 287
745 135
998 371
487 228
30 33
859 923
422 703
462 652
824 481
54 298
846 822
704 795
246 962
919 716
673 204
506 631
158 276
222 851
170 206
190 133
962 162
873 773
857 392
674 238
334 681
15 474
147 82
846 976
88 366
389 241
670 258
860 692
155 348
66 177
948 23
313 536
656 907
155 461
341 490
783 199
729 17
674 658
986 608
329 419
790 528
97 975
672 447
302 366
38 356
593 979
979 326
452 590
952 526
505 267
481 74
746 598
193 638
417 802
36 28
469 672
438 849
713 65
197 176
625 701
872 958
231 849
475 163
702 934
119 784
689 41
176 68
374 891
603 687
37 479
898 279
516 858
996 470
153 340
53 193
48 14
985 867
552 654
972 559
609 219
133 651
637 437
103 633
894 348
589 306
458 820
220 699
479 926
30 428
379 282
489 718
16 714
121 322
651 474
924 936
673 232
792 436
123 142
143 117
881 478
754 36
989 907
8 296
947 663
582 576
422 798
270 104
277 916
955 884
248 796
860 783
957 599
916 521
169 132
961 96
523 729
87 766
630 628
95 147
373 797
503 622
621 199
435 246
37 22
792 821
1000 18
620 385
732 715
993 273
187 710
156 731
474 870
481 86
157 915
636 746
875 98
982 986
164 77
663 677
995 605
788 922
311 31
336 937
337 384
46 472
193 868
983 521
615 172
839 741
20 755
314 912
666 173
770 730
466 869
963 485
102 19
196 476
894 15
91 302
802 779
86 304
724 970
927 215
538 786
885 633
957 860
160 724
140 538
6 806
708 85
376 534
105 184
447 144
470 211
510 752
403 22
868 994
190 242
262 815
267 583
814 674
399 66
385 656
149 187
502 723
928 294
820 252
475 617
683 76
446 442
513 525
551 461
131 414
298 373
271 749
874 604
195 519
127 448
402 215
611 399
812 910
311 297
999 524
393 488
326 446
19 418
38 450
688 787
526 87
985 247
368 223
496 484
154 374
338 507
894 314
108 97
444 243
1000 803
965 831
126 501
473 677
745 733
746 686
291 145
936 218
390 743
942 80
357 912
230 486
178 261
58 351
19 975
755 55
582 218
286 295
768 546
931 942
110 683
182 244
148 332
595 29
874 44
290 173
898 300
771 966
197 938
91 443
242 773
168 672
189 778
957 864
462 262
154 639
854 516
266 446
362 762
626 927
879 435
663 946
725 793
310 970
51 838
289 77
16 643
159 585
545 360
297 703
815 776
693 172
111 251
133 997
419 660
674 203
372 695
199 356
167 138
891 220
91 916
480 902
4 997
756 994
613 807
445 149
844 630
88 654
269 455
513 617
18 201
316 934
722 865
249 509
787 676
576 530
829 352
782 675
620 299
657 823
17 400
553 358
727 863
781 334
491 118
933 19
645 431
938 699
406 509
389 737
156 748
782 840
257 985
495 727
73 86
526 333
322 823
628 627
820 818
278 42
904 581
279 327
524 814
357 587
79 42
483 917
500 29
999 12
413 610
399 691
607 512
629 248
166 846
885 366
79 219
858 794
340 565
515 267
332 709
224 966
921 32
225 371
651 379
963 445
121 578
984 960
940 923
870 476
599 758
214 592
15 609
83 48
257 297
955 318
168 668
741 321
175 955
170 952
452 348
659 473
883 16
906 634
262 981
615 505
998 451
447 91
712 168
774 48
996 224
532 2
147 228
518 53
462 943
569 796
854 381
303 489
313 417
313 317
589 737
835 320
251 25
540 965
824 175
199 217
55 5
369 246
501 465
427 466
946 638
229 578
285 976
367 724
373 663
429 741
321 996
853 909
378 255
880 512
571 964
602 25
825 436
442 784
705 926
338 869
136 399
781 481
909 300
877 376
883 967
165 12
442 643
176 994
976 345
819 632
501 21
361 610
921 448
408 557
634 113
796 896
268 105
200 882
623 955
992 955
610 486
341 57
938 374
322 906
866 719
23 870
35 172
183 124
723 27
979 901
581 89
6 312
487 682
453 470
970 704
443 320
814 817
759 893
894 99
287 851
418 30
480 715
447 409
585 376
798 299
333 98
7 225
724 661
963 183
121 696
105 195
147 290
12 484
849 204
298 858
800 520
358 526
677 862
200 440
733 626
860 224
964 442
380 161
471 730
163 669
111 307
204 503
171 134
100 32
356 138
838 882
843 648
424 554
925 631
259 760
117 596
942 927
195 838
230 861
526 862
954 605
969 963
622 903
345 89
401 159
184 345
773 911
26 516
192 804
84 498
263 989
69 610
450 740
108 392
476 612
277 885
481 282
647 891
706 469
337 120
752 187
679 426
776 155
724 305
355 398
84 208
161 857
560 166
849 928
114 795
832 146
745 855
746 568
433 377
41 780
79 972
88 305
550 703
808 42
700 8
692 789
184 639
598 683
220 165
314 814
442 219
998 301
942 164
33 910
328 222
606 753
462 9
16 875
509 114
664 903
224 910
866 565
633 294
49 245
656 283
79 861
159 376
732 46
237 648
219 133
182 11
185 789
42 630
258 603
8 826
560 199
389 405
319 358
12 590
162 63
751 355
629 579
974 266
880 151
746 289
638 787
566 92
506 557
322 718
190 352
530 645
976 181
406 840
246 523
319 981
734 780
950 729
733 711
425 450
426 45
605 906
817 692
476 955
156 197
176 408
734 558
811 291
226 769
101 646
543 888
179 397
844 425
437 589
956 46
62 378
602 343
530 216
126 649
326 447
225 306
401 20
402 359
761 494
557 989
322 526
807 533
922 705
491 26
753 707
771 508
341 888
316 455
23 200
245 456
461 544
279 403
905 832
690 470
28 657
948 802
261 857
7 357
729 693
268 776
671 133
386 454
465 327
320 525
733 246
400 566
23 652
7 11
889 936
410 627
31 385
237 620
610 649
404 21
150 625
978 142
689 449
432 886
965 404
487 976
881 601
850 852
160 608
488 45
927 491
271 852
275 401
603 37
569 373
630 798
351 299
962 348
820 802
927 438
216 408
705 742
669 67
467 727
998 657
275 220
593 297
260 392
388 69
599 382
216 324
215 526
273 924
477 660
589 455
677 315
148 975
729 737
904 921
175 194
412 656
855 700
948 450
456 512
109 954
628 862
114 976
389 736
88 203
939 349
786 372
680 783
292 509
165 841
581 433
302 50
253 512
571 615
461 627
356 441
743 157
913 776
615 935
121 359
430 833
433 99
549 309
608 863
439 141
686 118
796 754
553 723
153 651
288 985
382 263
382 425
194 739
233 159
361 82
290 206
185 988
429 573
958 737
101 144
211 688
584 182
766 130
436 715
864 134
445 643
872 753
341 594
627 105
920 7
298 871
815 958
311 547
731 199
163 531
242 8
377 791
718 235
342 471
789 668
350 546
920 805
134 291
906 344
484 940
588 298
437 370
609 769
540 645
579 185
178 578
659 241
218 323
146 484
792 398
596 668
651 629
601 770
877 85
694 565
627 200
169 174
468 894
621 80
175 84
401 67
443 584
519 448
236 88
388 582
865 599
4 143
922 662
815 65
47 43
602 702
273 154
112 142
829 101
540 248
562 352
176 168
47 408
862 503
993 356
757 195
408 558
463 72
969 499
538 376
600 229
23 240
652 192
698 514
934 642
499 269
524 906
489 231
605 209
720 869
832 883
722 351
270 865
141 551
408 234
104 601
301 801
897 58
440 571
96 173
977 372
590 587
335 582
447 408
257 308
447 489
786 677
695 279
593 181
665 288
495 509
924 571
925 238
822 158
570 239
835 1
825 27
733 738
374 350
998 718
512 219
109 429
271 162
38 875
635 813
281 716
39 75
868 189
463 635
709 895
147 846
126 658
829 948
238 636
477 732
244 761
522 529
562 546
825 15
485 941
847 519
114 905
120 566
265 921
303 945
899 214
847 692
294 540
908 792
379 977
549 26
311 379
258 101
282 111
510 834
840 525
914 536
936 224
975 129
443 16
460 978
409 96
468 453
893 626
535 185
614 338
34 446
721 536
308 34
745 402
484 450
124 569
345 828
396 648
590 778
516 681
741 678
355 930
139 118
379 621
821 166
239 201
101 168
391 788
634 176
603 942
42 518
479 623
748 333
730 683
310 725
548 504
125 532
115 373
741 489
212 793
929 247
255 837
347 262
621 286
737 36
121 949
927 533
938 254
66 469
764 60
971 378
591 841
498 904
942 841
912 876
644 307
682 138
403 359
761 659
407 311
355 126
943 353
761 1
806 27
826 685
48 805
964 851
382 532
273 64
346 534
238 536
739 85
36 638
505 175
71 136
700 344
633 683
445 307
536 478
869 763
951 585
630 8
753 595
420 102
831 900
213 553
785 344
558 183
830 696
852 464
357 926
638 481
378 603
434 665
606 835
977 631
25 396
577 591
192 491
11 865
175 722
834 152
107 760
76 841
651 337
777 660
671 914
603 632
276 490
997 800
673 618
37 831
663 607
769 245
873 99
512 327
694 115
682 667
954 996
580 180
806 744
719 597
850 740
53 11
650 223
731 408
885 927
285 857
124 231
240 492
21 975
796 331
320 436
483 64
681 975
434 388
459 987
637 507
790 664
226 917
777 259
195 802
554 183
203 431
478 231
630 161
192 924
297 243
930 850
93 468
942 733
112 990
804 258
127 85
511 202
918 286
101 842
600 39
620 90
218 962
867 499
123 835
989 60
628 748
311 208
519 527
810 657
522 220
468 509
35 178
883 470
135 151
785 816
840 291
90 654
126 64
111 756
991 880
139 204
651 381
500 829
380 731
845 959
37 834
37 156
940 917
278 596
746 68
660 372
110 423
357 118
251 735
582 625
271 826
440 382
332 820
390 156
873 232
780 524
765 458
786 721
551 851
955 542
43 56
82 606
588 468
366 478
995 426
815 671
617 380
467 773
284 341
983 341
142 815
660 936
184 97
510 921
574 786
920 853
796 312
929 921
640 340
380 381
517 242
664 346
607 271
910 419
658 328
159 917
455 2
956 549
591 950
309 871
708 754
485 807
35 820
550 213
311 707
103 332
503 608
481 764
227 496
728 299
98 127
61 105
377 428
71 336
862 101
494 809
249 106
137 20
495 619
900 721
120 761
528 288
913 858
75 627
866 858
300 916
410 244
638 430
944 655
761 36
461 888
101 465
942 249
938 614
951 117
850 104
351 407
237 674
382 341
440 572
438 475
521 885
376 910
55 773
695 225
55 326
894 982
674 444
17 871
243 335
116 967
209 163
363 882
380 76
760 722
281 735
233 694
381 668
713 764
683 468
332 62
713 845
436 236
440 231
424 556
599 329
360 862
269 444
108 740
380 385
218 292
930 585
200 886
644 239
189 214
138 692
605 686
420 798
648 121
758 372
578 230
28 203
801 589
383 145
616 476
464 857
359 360
950 936
212 126
529 84
239 679
494 596
758 129
637 816
710 36
287 253
970 945
527 107
862 355
12 4
175 584
344 588
510 89
27 577
525 450
598 792
620 832
244 92
864 97
628 506
421 810
290 201
806 995
272 534
233 107
59 14
822 89
458 964
202 810
721 842
738 872
371 881
988 736
829 804
770 644
775 194
501 851
214 376
125 787
940 274
155 586
411 740
907 731
547 688
808 880
769 670
440 20
65 889
928 313
621 356
743 977
346 757
844 84
406 539
759 107
857 231
252 751
623 456
41 12
493 787
647 20
216 136
434 195
950 795
274 280
9 733
852 844
179 173
52 677
201 677
18 789
827 745
934 783
343 6
758 451
115 504
815 120
876 122
951 584
939 698
274 570
974 667
547 896
796 859
675 538
586 419
680 932
576 245
723 774
379 972
107 477
541 633
44 458
447 543
323 517
861 29
461 687
581 142
504 430
183 166
702 914
763 980
137 292
695 11
770 382
898 299
37 685
223 794
760 401
85 869
964 56
556 226
449 634
379 505
180 766
70 16
742 844
873 243
871 552
938 433
385 471
152 454
445 607
698 337
4 706
155 598
651 877
802 499
17 585
604 907
777 215
484 793
751 837
661 557
275 222
169 807
846 619
228 262
804 847
345 102
401 212
596 229
320 292
440 445
583 797
657 967
108 323
71 73
454 851
493 759
553 893
407 203
778 557
304 872
602 297
431 193
515 658
737 518
893 283
155 3
89 267
696 285
382 896
952 903
39 909
464 801
598 388
72 754
990 210
277 397
889 35
986 72
306 143
490 432
143 768
495 577
83 67
956 164
463 404
980 290
951 483
93 919
922 231
448 610
400 970
396 706
70 489
76 878
505 717
64 562
17 469
345 891
257 445
722 75
297 940
965 485
661 28
954 22
43 285
63 854
817 310
103 593
215 123
399 368
208 235
209 70
281 593
198 970
569 294
686 61
543 766
581 567
380 152
994 734
518 40
962 190
782 298
934 312
459 152
812 668
706 187
66 26
319 892
901 823
587 740
425 169
322 291
765 525
986 842
365 383
645 93
835 611
89 69
735 218
701 342
443 586
152 781
338 668
830 22
771 280
240 70
956 772
60 305
478 192
317 222
688 990
620 409
292 215
149 517
888 545
737 177
710 57
550 662
524 64
439 461
996 926
499 670
870 947
488 653
15 149
408 462
620 861
197 188
721 562
728 646
714 377
292 983
654 852
651 152
690 766
448 765
56 670
388 677
261 433
817 193
93 526
974 425
119 562
967 736
419 522
884 350
405 995
670 595
547 774
90 167
534 512
833 629
315 986
447 201
341 854
882 26
989 790
521 304
81 377
376 902
982 193
764 918
33 254
310 706
459 132
167 335
976 377
711 291
750 191
881 60
936 350
541 352
208 791
767 609
973 861
613 606
118 212
11 201
639 466
386 336
585 598
151 14
944 864
452 543
628 912
183 116
244 921
390 989
726 753
965 839
306 196
678 372
936 83
865 339
499 717
761 162
376 384
520 184
827 795
349 83
151 349
231 915
841 171
537 354
420 290
480 29
7 258
192 385
908 463
343 682
839 737
899 164
974 888
907 129
283 875
654 150
609 417
520 686
361 40
842 569
805 691
206 896
798 324
287 705
570 431
5 902
688 30
326 38
586 693
592 698
848 340
371 737
636 275
673 799
