1000 9888
329 961
555 351
773 300
959 49
440 385
307 950
824 268
290 696
219 322
376 324
43 912
171 231
959 134
686 842
290 555
535 855
596 871
463 680
119 90
782 308
274 119
916 698
521 14
563 391
69 690
89 12
881 216
934 34
835 571
594 574
976 141
950 763
360 744
972 471
443 739
154 111
476 220
452 627
948 408
862 34
938 594
903 740
10 789
961 787
571 655
515 996
733 708
371 600
225 24
499 681
26 219
339 16
876 281
92 296
365 796
266 526
746 829
479 156
383 712
41 527
685 334
279 541
120 559
6 922
353 670
753 272
889 828
393 551
528 166
268 137
253 189
716 827
101 21
20 770
721 651
24 325
189 917
794 361
372 285
634 616
104 659
517 695
737 353
423 468
775 3
245 954
716 441
57 364
566 63
119 127
321 464
886 585
734 860
555 187
462 599
265 57
194 241
323 271
649 387
7 601
122 927
412 47
603 196
753 215
971 280
863 286
204 137
304 348
472 241
345 101
330 755
900 187
739 149
78 769
492 35
365 299
442 888
867 57
5 362
691 327
531 238
986 892
218 575
222 95
210 639
173 521
174 802
800 221
490 671
326 41
771 332
330 36
440 942
136 757
891 653
739 156
170 988
892 785
878 868
917 604
723 805
245 425
27 746
710 109
37 413
810 671
210 963
429 99
654 548
785 459
89 966
645 879
685 178
64 644
743 124
447 643
571 183
720 779
348 196
955 84
331 926
532 851
823 85
729 871
229 424
414 122
695 159
475 120
737 397
884 212
337 127
64 977
449 581
450 310
755 33
662 447
314 281
647 425
100 298
228 900
780 526
765 456
640 153
828 770
265 196
929 189
582 785
94 667
962 731
485 498
90 933
308 93
493 39
964 608
179 296
566 468
741 295
167 315
952 215
973 692
356 583
948 131
765 161
643 439
915 314
754 366
923 99
151 884
647 787
464 992
653 722
965 576
123 293
179 119
257 641
368 140
26 462
325 818
443 811
796 877
456 654
330 171
408 561
117 33
979 314
430 134
602 991
736 453
972 666
224 297
206 489
903 445
309 992
699 312
581 735
129 395
297 749
651 266
580 508
118 599
876 123
875 808
803 87
932 305
92 54
404 234
171 673
465 396
249 533
140 668
716 835
231 159
491 688
954 184
917 52
594 99
150 589
63 996
745 213
447 389
694 142
200 222
437 159
930 984
263 384
817 337
546 369
506 946
488 217
120 854
360 23
493 344
171 476
778 76
11 375
582 738
582 893
286 766
869 495
750 98
47 663
367 534
905 33
393 277
569 140
753 159
203 186
527 515
445 217
874 957
526 802
216 319
517 101
574 110
42 135
842 83
890 323
375 265
933 245
492 107
829 420
832 456
579 581
378 910
992 654
45 518
174 83
526 495
801 572
948 389
342 668
934 880
409 331
762 91
304 543
941 947
988 489
574 426
761 161
159 660
440 751
110 950
606 987
206 453
631 572
174 167
419 28
67 919
64 349
907 514
157 688
547 280
675 303
567 837
455 227
662 59
281 204
660 456
102 209
372 314
689 72
104 696
193 921
928 895
964 85
875 562
146 980
717 267
993 547
135 268
926 41
251 665
512 493
877 581
322 180
664 216
681 686
67 251
952 339
988 657
630 822
200 332
321 356
817 607
215 768
751 946
474 138
116 763
502 724
986 225
165 858
422 53
781 741
541 33
816 608
85 229
359 970
485 667
839 316
177 769
792 457
964 685
777 411
118 279
564 117
692 34
371 411
511 876
757 580
980 411
389 982
471 830
298 134
807 640
296 226
294 861
351 772
248 539
50 305
64 253
248 394
100 747
156 645
108 142
39 888
408 762
891 593
675 540
947 291
448 284
753 108
503 796
491 828
354 244
757 41
150 201
233 389
766 313
714 476
788 955
757 474
372 120
391 198
709 71
34 449
257 38
560 953
500 804
603 637
73 711
810 198
849 477
354 981
225 475
957 778
234 479
817 191
674 256
432 155
784 320
859 772
992 419
814 876
857 491
573 843
905 333
29 926
674 85
363 828
894 744
364 531
368 598
539 849
761 993
84 110
302 809
420 668
954 692
44 50
741 236
299 265
123 77
821 132
554 257
901 124
960 552
764 434
964 668
89 254
327 76
662 623
208 732
942 987
491 335
273 912
899 996
574 38
370 359
178 783
607 127
98 86
482 249
134 790
943 100
979 579
112 102
844 687
437 847
95 359
890 93
598 410
411 300
340 126
658 807
967 307
794 558
421 731
10 822
671 575
895 789
628 632
774 828
611 874
115 980
277 365
410 270
31 178
549 305
254 9
332 815
975 491
926 677
653 339
893 846
272 828
849 424
576 352
893 831
909 570
489 41
452 187
951 131
923 866
550 494
381 252
868 754
336 291
744 416
686 455
409 665
85 744
506 927
816 953
113 727
405 973
669 400
539 91
926 97
285 103
432 997
859 14
346 119
684 179
427 154
156 500
391 639
439 320
471 717
219 284
904 494
426 94
427 299
640 440
700 872
5 26
241 262
270 150
312 904
20 441
39 367
172 652
472 206
346 683
422 204
619 678
854 195
783 205
551 353
420 997
187 978
904 42
49 981
231 421
435 224
883 970
956 774
687 918
726 888
197 358
2 372
279 128
32 963
783 528
975 853
939 894
504 155
396 51
272 97
830 740
852 420
552 56
93 72
700 208
258 447
46 454
514 108
474 593
145 535
549 346
278 789
944 273
512 629
578 263
383 528
956 424
228 983
107 594
102 195
281 273
24 642
716 384
498 476
560 175
579 349
559 851
543 446
566 117
493 343
281 563
12 645
252 2
822 146
938 375
721 13
854 291
216 627
802 454
91 821
539 636
938 262
61 597
744 201
691 962
748 753
133 63
198 726
455 189
555 19
50 988
708 563
531 986
604 764
700 995
973 401
932 450
748 919
659 126
753 111
995 54
967 68
625 53
192 464
900 3
683 917
425 933
977 752
657 242
434 173
587 113
991 467
233 254
670 189
234 183
913 25
400 244
429 887
434 911
787 625
224 327
572 891
322 888
550 688
993 501
316 286
288 807
642 394
365 967
667 997
905 952
476 869
866 343
771 835
521 948
957 628
28 936
177 418
231 883
841 907
715 942
713 321
20 991
884 158
925 686
160 746
50 658
493 426
96 316
168 857
280 179
745 65
67 109
966 888
812 433
25 609
65 604
525 761
334 879
357 284
674 78
533 505
403 28
722 969
333 355
781 783
391 583
711 594
15 491
551 229
474 139
424 636
646 187
962 228
781 864
912 977
968 557
32 464
860 890
246 345
818 630
88 807
804 933
492 57
938 943
667 359
995 82
274 342
674 705
748 778
714 950
951 935
972 322
543 469
654 696
239 998
735 941
496 282
27 50
729 252
416 571
239 855
780 371
468 263
58 519
776 410
343 618
948 696
364 455
239 565
978 327
11 788
482 561
182 351
168 505
187 55
171 970
686 95
865 476
887 810
176 804
983 555
954 287
315 491
334 53
634 519
963 455
212 64
767 801
233 861
81 874
816 227
671 47
796 870
716 900
828 824
954 113
284 568
548 393
567 511
384 974
681 872
314 259
944 150
600 856
12 766
877 552
272 787
111 144
294 464
355 706
156 401
716 761
733 693
366 454
95 652
833 563
850 627
834 876
262 878
786 907
859 195
816 702
467 730
334 696
878 460
225 836
725 359
356 478
624 582
774 858
276 767
904 160
118 368
605 866
531 131
914 9
255 243
57 520
79 591
522 578
304 875
986 401
820 355
288 308
127 371
308 703
4 144
813 934
335 358
796 148
448 10
766 926
765 825
805 66
934 814
937 90
494 785
113 784
874 551
875 258
253 682
183 707
421 730
482 984
981 498
430 104
72 580
514 359
254 300
476 254
649 648
616 821
528 343
70 194
240 537
230 388
267 394
126 245
418 786
737 48
719 64
407 622
871 133
689 502
177 409
404 208
480 438
483 889
444 721
598 950
550 821
659 715
646 839
370 364
162 96
842 718
881 967
681 836
50 792
997 34
998 453
896 600
848 6
259 855
955 530
295 13
512 69
588 464
401 506
960 216
678 673
626 238
868 55
503 182
554 482
772 317
310 660
186 942
522 772
981 993
319 718
70 576
7 732
459 17
721 492
133 374
565 275
605 838
861 764
915 316
160 299
786 435
634 153
355 408
265 608
468 89
843 191
844 716
41 137
244 896
779 919
767 468
619 722
558 785
283 757
925 830
423 707
839 984
993 488
757 127
514 250
865 22
136 832
675 309
295 493
577 932
266 245
432 213
290 239
832 723
872 579
138 395
747 389
620 653
334 767
661 61
827 301
176 345
713 390
508 6
919 926
842 154
43 139
246 950
7 876
263 390
994 794
345 487
769 261
309 68
884 456
43 482
600 959
949 20
649 771
219 379
276 994
133 39
623 210
238 180
845 372
96 861
579 152
265 522
321 184
104 312
504 653
655 68
344 502
127 469
221 560
976 267
687 855
374 214
356 756
477 840
829 19
614 779
463 789
869 818
567 643
370 959
155 861
619 816
452 681
608 591
630 80
795 397
44 695
581 372
818 102
639 130
37 450
554 572
704 65
476 428
28 651
353 774
686 64
839 738
845 609
993 214
982 541
779 383
484 463
672 781
822 307
497 588
278 673
881 806
789 27
684 455
152 208
685 922
909 722
918 608
208 295
485 197
253 361
399 181
721 991
148 641
65 595
11 405
402 778
953 899
655 789
693 194
548 731
129 627
99 317
885 902
262 689
104 133
378 492
747 941
821 174
859 279
548 612
891 414
401 900
665 978
482 286
873 599
307 857
768 453
492 171
829 740
260 33
136 111
393 384
36 520
442 867
294 960
62 380
230 962
636 833
912 527
311 519
633 573
692 834
611 146
593 899
965 951
477 989
944 926
672 365
377 217
305 852
715 257
199 624
505 381
503 798
586 62
698 596
794 35
802 276
887 948
924 813
709 436
927 269
766 319
785 492
275 874
40 293
495 783
480 60
906 520
944 331
562 150
885 383
250 666
413 698
443 273
104 519
466 146
943 740
323 807
290 164
309 760
326 686
590 875
737 245
997 811
603 748
788 266
293 852
287 678
332 781
43 322
315 569
319 17
531 601
893 242
806 749
113 698
994 773
530 490
133 861
940 355
464 44
82 631
321 469
263 462
555 188
547 592
640 478
754 20
630 643
422 452
9 33
730 93
381 651
132 185
657 526
759 393
623 494
990 666
826 731
22 664
706 117
978 853
616 378
725 440
625 252
386 862
174 801
319 385
520 207
313 855
23 4
209 998
361 911
58 937
865 303
792 995
633 827
945 471
122 304
602 966
554 613
426 964
192 302
102 353
656 157
534 210
462 86
762 371
582 174
920 304
326 1000
220 107
25 115
409 972
463 257
802 909
829 28
343 367
861 494
404 209
854 857
470 598
663 521
337 227
690 681
271 656
862 891
958 634
764 957
656 744
246 473
534 649
439 591
578 569
595 909
85 615
570 213
534 632
831 174
247 311
673 196
927 603
635 465
518 44
151 717
498 235
734 974
644 466
958 182
817 758
621 296
825 227
755 414
540 818
338 886
637 488
545 236
200 863
202 188
866 416
787 776
166 199
192 846
805 404
147 534
277 715
478 196
540 71
249 252
356 672
840 825
771 429
684 890
66 589
189 855
838 503
732 622
473 629
183 806
754 734
424 175
478 486
590 11
980 108
748 384
469 737
326 810
199 568
899 414
352 465
961 585
301 488
822 522
533 589
456 367
853 572
638 290
305 126
605 43
625 693
310 457
348 52
98 559
724 847
653 373
182 183
96 52
331 959
780 888
379 583
154 720
681 901
335 588
910 810
487 897
864 184
906 949
390 226
17 772
360 391
930 47
20 27
977 8
884 403
750 263
141 997
271 906
224 549
668 526
336 47
997 214
800 638
158 376
553 858
751 923
424 898
818 218
962 158
544 40
91 614
420 726
574 819
631 294
104 313
450 989
504 855
247 174
929 809
952 246
38 79
536 114
207 588
206 601
136 451
999 736
285 574
416 819
972 344
207 509
869 928
657 240
342 544
679 419
331 305
745 794
649 916
923 85
302 146
486 671
433 481
986 767
239 829
633 770
35 386
758 810
255 39
663 28
4 399
856 142
962 177
165 668
926 961
124 849
253 947
328 374
435 698
310 314
41 535
366 637
846 267
944 319
453 435
515 328
275 559
450 950
958 720
922 330
390 428
690 670
951 197
771 611
168 716
208 393
188 663
765 754
745 71
229 126
584 67
967 704
436 824
968 588
959 428
730 804
78 176
826 371
777 813
9 187
318 399
869 361
403 591
494 332
761 955
833 454
831 119
748 727
159 842
473 471
790 916
898 206
556 718
479 41
372 927
431 458
108 709
493 893
77 638
354 197
616 240
179 225
691 766
288 187
271 309
189 337
614 970
631 40
926 773
818 711
749 477
951 929
330 957
863 85
886 158
655 377
378 154
238 653
226 237
373 106
729 194
870 183
821 796
978 547
83 317
54 975
74 152
761 66
64 414
118 833
38 94
254 385
573 275
150 204
705 411
118 752
339 133
704 432
201 228
115 874
228 651
953 754
719 31
28 910
970 562
556 328
372 281
375 586
603 751
417 302
401 865
128 167
258 566
154 583
485 151
529 657
289 980
271 812
583 973
9 501
524 396
376 570
739 733
77 990
671 106
63 31
673 831
530 736
56 807
359 712
683 386
502 644
640 479
825 85
916 260
39 503
276 923
246 665
356 329
194 124
124 253
569 201
536 958
191 672
452 296
692 1
914 7
753 53
130 566
369 812
27 162
691 331
473 894
40 823
4 146
212 477
468 71
309 399
75 879
755 115
925 935
771 449
538 508
994 138
705 325
482 982
325 124
292 75
349 102
797 362
399 778
550 766
510 11
279 460
211 490
374 586
663 17
303 843
262 385
580 388
176 962
380 610
580 386
537 463
372 206
500 827
145 409
374 788
859 756
586 900
293 923
262 163
992 322
702 749
566 952
403 801
279 880
638 963
759 629
584 411
713 633
533 462
576 184
811 164
445 638
856 827
360 74
440 98
446 24
693 57
616 42
894 997
734 606
825 226
226 849
263 864
562 480
986 855
345 69
971 137
165 210
683 797
612 141
618 890
805 258
164 63
482 41
338 285
17 116
335 324
818 798
412 755
805 100
398 906
135 557
472 269
326 152
289 157
735 884
867 388
733 420
706 538
448 822
896 794
18 587
511 357
299 921
173 156
836 620
514 248
519 553
864 381
737 993
83 211
304 292
837 70
234 45
733 21
241 961
718 507
831 521
300 71
505 903
510 400
165 656
816 173
637 475
769 121
592 580
854 580
760 328
802 227
306 978
129 843
39 200
318 864
462 753
526 746
543 328
251 878
240 598
750 260
91 153
147 155
11 504
750 503
878 168
111 315
424 899
282 753
688 292
797 94
601 581
764 23
765 714
488 266
51 469
989 129
99 481
834 116
748 914
565 196
186 222
625 89
952 247
881 55
528 838
144 959
181 636
166 224
114 561
260 877
83 706
1000 530
943 334
867 194
954 318
957 461
446 850
288 604
680 974
553 64
790 279
563 923
583 292
676 154
606 991
796 531
157 795
124 850
361 352
503 933
664 753
118 516
528 135
894 165
642 56
954 262
827 252
385 1
917 496
181 744
286 323
824 870
860 124
254 215
149 73
975 349
750 599
987 355
825 636
309 275
550 883
55 307
628 119
794 641
229 492
654 941
298 663
267 912
936 877
401 44
411 589
907 320
932 789
259 913
869 446
411 762
780 673
877 867
181 924
772 721
775 478
50 710
198 561
300 456
39 419
591 854
117 911
616 98
376 926
691 592
813 954
412 119
216 368
930 500
826 709
352 880
463 548
264 38
763 98
138 707
32 66
105 652
145 229
511 872
723 720
522 685
687 885
619 611
340 128
514 717
271 466
365 467
313 712
478 242
445 475
288 415
397 88
435 221
16 628
576 813
249 240
245 190
838 429
610 68
994 231
723 927
904 707
300 564
691 189
790 307
760 408
301 414
603 802
529 187
213 562
676 190
511 317
611 963
775 698
723 253
732 885
522 375
690 608
604 319
71 858
740 538
921 83
885 258
301 209
528 155
983 917
750 324
552 273
736 94
429 333
870 41
327 525
836 233
102 653
33 652
806 769
57 262
662 293
495 92
977 437
850 957
337 22
559 935
845 246
239 91
422 649
763 398
155 782
962 434
500 629
431 949
158 151
146 583
646 120
993 700
812 400
621 544
717 13
351 275
868 911
578 678
844 144
241 173
539 706
57 39
151 536
891 215
105 590
215 657
679 38
648 842
48 922
489 824
378 224
913 299
606 456
166 217
539 401
963 400
433 590
916 108
520 98
98 82
999 952
666 647
758 33
107 145
514 499
142 432
611 769
368 651
670 906
145 269
787 682
704 28
551 204
693 896
268 205
767 19
879 949
590 568
130 234
227 998
755 744
206 176
188 907
892 86
895 268
897 933
129 467
742 433
390 474
466 884
504 319
382 288
723 356
119 695
154 553
854 974
391 964
285 321
766 138
181 272
437 134
111 584
295 296
961 368
426 425
262 51
492 666
258 906
902 99
817 441
11 334
664 20
846 828
974 369
333 343
891 405
836 370
750 472
163 744
884 949
114 70
920 813
960 874
8 679
280 396
742 588
324 957
366 597
415 808
338 997
154 828
30 747
865 796
517 251
847 868
42 29
902 943
997 483
503 382
786 140
824 39
787 157
825 338
962 804
771 832
230 825
469 171
773 341
623 526
333 876
890 155
985 133
677 199
326 511
679 441
118 261
718 308
448 105
265 613
622 701
236 392
93 305
439 813
946 528
223 714
652 410
452 688
802 922
978 744
266 700
999 130
636 728
54 567
165 742
719 259
153 230
80 962
525 70
374 548
927 310
961 434
275 823
189 203
79 17
889 157
338 109
712 674
131 292
163 106
472 156
371 207
137 907
724 841
637 760
358 507
489 120
896 424
456 79
422 868
295 494
831 520
281 356
923 725
304 3
917 63
43 494
558 323
693 600
710 526
649 202
950 57
826 123
789 117
348 459
157 235
768 944
663 781
354 763
825 946
829 906
849 84
722 474
480 913
542 113
835 9
375 192
690 828
124 64
566 363
418 475
496 466
688 293
143 127
165 403
916 317
864 742
539 650
583 701
217 307
226 882
942 932
857 140
639 451
792 609
8 173
958 434
139 998
47 241
981 477
13 769
450 765
986 987
218 577
644 101
673 983
208 567
178 211
75 857
739 398
596 269
601 433
876 13
469 417
869 795
683 695
351 973
10 891
743 511
788 384
288 605
459 548
867 419
706 639
727 843
728 987
931 862
846 186
229 347
738 332
181 624
465 688
860 344
309 462
495 944
893 202
832 824
324 140
325 341
390 275
552 310
756 62
409 827
319 280
448 735
769 43
516 800
281 497
104 716
836 5
241 469
64 798
60 926
82 654
259 912
741 98
946 842
215 799
293 753
699 594
842 5
116 704
691 546
341 229
181 780
772 353
829 624
846 534
761 810
613 777
48 132
269 473
829 915
614 815
42 213
815 434
728 460
782 169
929 715
680 623
454 878
679 355
203 42
631 42
120 805
220 992
784 573
602 348
35 757
696 153
946 849
4 184
928 665
428 568
283 483
891 886
672 973
714 773
753 873
610 210
882 591
350 457
596 289
865 186
819 66
292 450
282 216
178 473
69 83
674 221
24 911
10 750
529 186
801 829
179 961
823 312
398 669
975 109
995 611
652 128
969 28
754 966
847 39
461 680
27 546
44 908
106 41
234 98
419 140
888 27
945 116
230 254
27 493
704 509
542 909
486 295
731 302
626 514
203 735
241 608
385 270
522 345
591 879
881 509
15 644
841 645
327 630
314 271
9 507
281 638
210 428
618 305
485 230
754 987
397 836
198 534
107 828
538 542
318 478
854 764
637 228
273 591
371 621
513 333
811 203
686 761
446 98
88 634
656 828
821 30
55 986
270 100
156 179
907 589
450 912
177 872
566 450
880 450
420 744
160 4
596 641
325 694
375 430
342 797
548 984
790 801
890 277
283 161
154 485
565 315
895 516
715 972
226 941
172 484
50 383
69 545
655 302
948 292
329 396
537 887
844 372
173 515
744 705
467 282
857 998
895 890
626 420
805 78
408 168
739 454
904 785
228 617
201 987
37 165
465 990
618 807
805 160
187 393
513 283
69 101
500 924
58 662
3 267
222 925
871 48
73 284
749 916
590 680
975 502
297 763
906 555
799 164
362 915
974 186
637 324
237 694
864 32
685 78
402 301
435 173
693 579
396 991
20 915
827 261
171 345
45 320
937 802
202 877
977 679
20 241
466 697
894 521
509 629
977 762
19 425
954 597
96 693
743 897
13 570
179 302
803 936
596 437
644 364
955 869
886 907
529 719
925 325
998 773
887 23
673 261
472 66
454 182
333 875
389 553
139 842
662 493
285 712
269 195
252 925
264 293
365 410
882 516
631 899
544 133
466 929
446 549
178 191
550 431
978 598
136 663
785 254
749 709
918 306
757 202
335 100
746 605
819 299
503 850
508 888
382 129
24 967
767 54
71 767
771 221
97 384
432 491
396 270
515 192
443 237
700 301
48 219
728 653
909 968
15 937
533 812
770 398
936 954
919 984
561 19
229 357
266 241
770 289
256 185
777 715
428 157
603 297
305 430
489 409
492 872
930 42
555 475
169 676
684 253
426 285
998 485
655 908
803 665
856 793
401 586
431 733
18 466
113 976
848 397
846 904
634 111
526 522
431 322
161 442
994 971
199 294
38 864
333 604
464 277
695 722
256 296
123 505
436 266
40 979
937 363
4 54
152 961
47 240
964 864
938 839
226 85
158 382
363 760
325 911
786 403
933 64
476 493
972 426
921 648
151 7
799 683
212 23
970 199
399 112
349 138
853 266
235 47
538 832
670 240
409 254
174 117
429 131
47 308
969 406
339 234
656 216
654 631
892 966
586 105
642 391
630 691
37 607
315 85
524 935
233 316
935 927
612 888
594 799
334 34
780 136
692 101
435 336
174 506
340 998
396 528
189 466
625 944
111 933
224 887
202 367
7 174
815 514
140 525
806 874
256 50
624 338
167 804
466 79
336 480
281 609
390 205
266 503
397 863
508 38
200 335
191 51
87 226
225 893
119 269
525 864
536 135
522 998
802 342
217 942
234 884
787 502
425 345
815 460
651 551
562 925
493 919
409 981
515 529
80 432
341 439
218 546
256 779
486 559
704 282
881 19
758 74
173 448
607 647
94 930
63 552
984 18
116 318
978 689
652 306
231 95
322 857
823 315
628 657
650 991
26 85
961 566
999 90
474 611
435 667
561 377
120 23
193 861
214 865
361 467
732 230
434 609
448 653
585 476
350 148
975 307
318 532
543 796
569 560
412 306
868 465
632 144
450 653
581 825
806 662
937 965
129 768
8 943
544 865
101 68
103 698
640 180
641 237
971 674
370 39
354 672
566 161
309 184
124 137
340 183
843 765
95 937
617 425
673 399
381 888
425 198
247 147
907 810
202 581
435 29
60 438
498 647
808 400
572 473
147 766
213 885
870 722
302 350
86 497
90 890
587 60
862 118
847 710
994 22
136 764
892 697
72 762
736 577
311 261
667 21
472 748
175 298
931 648
71 389
202 500
679 842
665 349
939 921
301 384
641 611
845 309
488 552
289 585
89 325
680 166
274 843
567 310
334 491
962 976
580 391
27 513
566 228
201 278
241 801
756 192
295 452
944 506
907 206
728 545
509 48
24 424
63 969
764 586
840 10
586 530
716 933
533 233
310 178
87 68
203 587
37 939
833 752
815 832
358 537
662 253
924 600
817 520
87 170
346 992
474 221
807 173
419 884
506 746
952 384
424 569
868 60
548 483
824 186
473 12
492 344
554 495
991 182
540 782
243 694
981 396
696 116
808 105
21 859
977 637
192 723
763 44
1000 682
892 392
770 694
592 340
421 54
494 724
247 996
195 857
969 526
883 976
536 699
649 671
558 568
541 438
377 443
482 952
537 963
648 420
779 906
726 749
250 282
732 618
469 636
861 778
348 867
165 787
349 214
832 48
796 923
155 527
69 183
365 844
131 812
706 904
33 782
758 779
236 575
185 699
154 198
615 918
304 295
714 286
296 651
387 596
228 590
263 57
107 699
497 603
205 362
280 475
445 831
619 292
149 843
220 361
243 56
975 747
832 619
637 472
931 369
718 11
538 693
833 803
466 632
261 287
402 656
39 197
375 813
826 347
404 309
81 480
320 696
686 711
414 289
319 954
671 401
69 697
329 958
932 835
350 516
705 523
741 221
82 970
85 345
911 215
713 884
181 822
40 694
635 807
748 638
485 608
714 698
524 178
173 107
783 903
672 154
946 537
397 335
553 649
661 734
388 406
126 975
504 624
526 71
61 837
514 663
1 840
255 461
592 463
602 664
288 480
880 74
697 900
862 78
735 964
331 386
790 298
168 229
260 541
135 931
340 291
269 857
456 288
809 380
495 897
652 158
235 332
862 763
208 689
758 952
779 741
512 952
875 892
694 464
897 882
970 664
129 488
42 859
741 603
504 266
876 610
44 711
898 315
850 69
204 328
101 333
484 347
932 675
888 223
997 899
766 192
698 96
955 371
501 937
561 792
549 833
363 952
931 506
608 349
829 827
881 987
320 789
99 863
949 194
254 662
748 877
225 892
925 121
319 990
503 109
169 929
95 139
480 814
48 610
838 853
33 146
859 362
809 593
366 774
506 173
748 610
674 925
415 829
368 414
403 369
133 312
504 686
914 31
952 150
660 591
939 496
333 929
203 327
469 353
734 311
818 895
938 766
78 975
227 307
383 188
631 842
635 271
249 184
899 60
905 659
447 494
321 628
675 517
948 535
291 780
292 83
645 593
481 142
746 658
882 630
36 88
918 106
131 868
260 640
300 853
589 729
550 545
129 347
476 54
576 492
685 326
714 891
159 35
931 90
624 472
242 599
738 432
634 513
484 488
181 392
766 1000
127 588
720 694
154 976
963 346
769 53
718 208
441 164
479 548
221 84
506 898
379 496
417 147
988 814
756 306
432 908
778 188
337 932
967 672
366 89
581 602
313 188
167 41
425 410
848 260
989 854
960 944
445 824
530 510
308 496
346 815
311 979
367 599
722 706
981 983
329 592
787 316
28 102
212 763
817 943
359 628
765 977
790 662
613 525
706 481
100 592
598 179
732 532
948 294
974 612
903 802
960 380
502 247
236 423
476 470
117 420
407 928
168 46
978 515
391 492
66 661
231 237
634 464
362 255
144 70
81 541
334 377
743 231
429 91
140 914
987 529
309 517
182 317
789 267
956 300
343 362
552 353
439 24
222 701
756 590
673 659
761 860
362 800
689 393
564 803
627 197
836 924
811 438
582 623
108 822
238 465
205 56
390 138
530 689
968 830
271 957
733 610
720 335
144 478
908 478
871 724
711 643
15 440
329 897
251 551
20 354
756 564
5 242
544 620
651 640
359 805
347 457
293 775
213 480
685 177
270 153
221 949
611 277
369 226
223 219
208 800
347 630
467 621
503 379
806 206
644 253
592 198
424 344
11 910
528 116
291 648
787 783
899 969
244 744
282 973
924 396
584 825
783 379
515 761
255 296
917 821
421 390
473 169
294 944
417 979
142 480
183 652
504 819
986 663
3 75
499 760
586 480
568 619
879 869
93 208
151 304
791 271
348 898
44 395
835 631
234 41
976 746
159 251
786 49
599 571
477 452
571 973
79 304
120 191
998 46
656 299
548 233
788 344
680 417
241 605
832 724
557 101
764 623
712 18
45 217
972 604
789 114
385 372
833 802
492 981
137 763
210 483
393 833
30 14
33 314
768 947
769 494
651 974
247 353
817 474
376 630
217 694
180 302
841 556
755 178
593 51
703 946
82 568
466 667
195 363
721 151
37 821
557 698
635 806
899 519
972 119
759 409
130 426
605 819
308 351
990 855
417 232
902 537
377 372
947 896
899 805
652 603
816 29
126 744
308 637
77 190
493 583
791 864
448 7
840 858
682 932
658 215
516 201
23 75
616 597
529 66
57 722
141 188
127 23
115 631
315 137
474 418
382 163
239 542
426 921
614 510
638 496
396 349
469 881
509 292
241 910
455 834
686 74
945 252
876 460
895 368
560 18
258 269
281 212
395 108
414 408
898 349
78 37
723 432
393 643
193 913
196 80
782 987
38 588
258 559
747 708
778 114
120 330
747 615
772 808
629 599
831 271
29 769
324 323
241 347
119 414
176 458
576 178
309 806
206 730
816 826
599 1
582 849
776 468
457 115
6 285
636 10
34 714
787 504
844 255
864 645
539 525
100 863
906 406
670 327
440 184
717 984
367 675
320 466
925 267
88 814
731 708
606 464
700 525
256 670
666 909
244 689
740 286
905 295
815 300
672 22
212 343
340 140
674 146
882 763
956 854
424 447
425 906
796 143
691 483
430 373
255 480
592 428
761 363
371 479
486 700
273 364
490 307
865 261
88 278
482 975
391 395
800 424
529 46
867 448
904 598
45 772
451 565
711 670
947 442
282 505
874 383
87 285
107 356
14 944
426 780
153 76
249 763
430 928
70 507
606 729
774 517
101 287
950 218
738 544
119 687
361 243
767 959
806 773
609 309
703 647
975 674
121 659
654 909
920 55
794 528
542 146
266 556
765 59
695 336
328 674
95 612
521 405
647 461
405 546
389 493
963 8
565 836
366 282
933 736
551 817
475 674
424 944
332 233
425 409
128 961
52 216
693 866
184 80
440 58
942 769
392 189
377 609
32 388
821 140
414 594
118 609
238 886
942 880
89 198
911 959
747 147
648 221
118 331
355 135
507 960
333 836
155 108
257 826
108 452
737 540
420 856
39 566
210 628
339 872
615 125
571 661
13 557
830 918
132 69
526 431
286 688
181 746
213 115
936 389
476 326
974 765
746 612
374 685
895 587
451 640
268 122
54 559
904 626
980 197
32 669
453 195
718 625
645 709
336 991
173 196
270 998
549 313
491 929
974 782
520 561
334 489
559 752
391 34
306 630
304 834
850 123
466 880
140 753
291 359
920 373
461 939
98 871
471 118
918 947
245 869
712 70
475 992
846 145
629 527
722 355
81 105
637 20
530 686
363 899
470 165
150 432
241 355
579 391
851 746
893 379
256 282
21 534
775 397
427 291
1000 127
195 287
492 459
664 310
223 181
122 952
104 195
549 581
556 217
701 394
725 260
986 848
660 657
892 394
948 280
617 969
327 185
899 968
387 252
740 726
578 153
1000 637
925 612
184 424
706 373
84 193
452 557
808 285
457 497
184 535
594 754
496 345
459 687
409 374
743 471
100 683
430 28
398 574
535 459
23 151
316 387
796 917
931 678
35 381
795 343
279 382
875 5
308 709
244 220
157 675
638 292
16 237
426 708
353 876
582 287
286 360
447 522
387 999
229 354
534 333
253 266
208 419
827 302
376 921
546 239
802 141
894 511
218 841
431 595
292 703
759 935
209 15
779 135
376 520
105 206
911 386
110 313
238 498
77 16
573 907
464 91
232 199
654 345
846 796
836 338
820 895
34 820
440 3
189 408
618 320
544 649
123 156
284 14
113 934
419 995
579 129
483 52
844 43
312 940
167 470
687 751
88 851
805 336
574 23
118 179
545 883
359 703
398 841
54 563
208 555
355 300
503 636
731 921
791 867
57 123
720 213
965 700
606 166
53 814
166 455
643 975
338 102
831 916
32 598
255 178
316 278
488 723
400 793
754 990
335 155
546 742
325 337
572 950
920 399
573 491
442 95
832 683
335 776
429 16
453 445
475 157
370 461
764 541
676 859
719 180
247 114
267 774
189 511
111 23
337 958
379 327
270 538
452 409
695 335
592 692
319 75
894 757
110 68
610 690
775 324
320 646
137 496
265 11
216 599
927 537
949 113
556 821
995 495
498 813
163 102
48 612
51 391
712 459
566 506
143 95
620 948
226 675
852 723
646 39
270 86
644 295
648 802
946 592
562 920
549 750
971 84
807 810
995 90
613 535
192 797
556 460
217 254
680 738
948 936
922 675
136 372
321 808
490 673
715 472
547 204
773 648
652 463
862 594
451 790
23 110
300 561
836 643
767 405
658 843
823 391
880 199
49 320
602 924
805 793
926 551
918 219
228 689
210 100
852 331
34 351
732 225
879 626
257 61
884 36
651 333
817 37
871 238
874 30
950 219
646 704
849 468
208 476
82 445
729 930
309 370
382 41
684 418
298 741
922 475
449 631
505 819
631 14
163 917
755 79
756 316
209 87
94 198
841 538
660 186
683 363
354 703
155 946
821 489
316 196
842 948
293 512
20 328
186 688
794 819
337 201
530 621
870 509
493 57
21 610
616 52
427 343
412 33
218 569
840 982
555 83
959 829
851 924
891 91
514 651
877 100
346 732
622 414
434 267
753 47
203 458
131 377
614 1000
902 742
999 550
670 578
536 674
607 277
157 308
786 470
221 275
80 701
193 498
717 663
52 563
550 278
521 750
511 254
397 123
994 132
120 745
546 989
430 112
415 484
775 516
903 595
779 577
528 335
196 725
183 448
567 998
310 373
581 198
34 395
988 200
789 265
592 720
538 11
778 160
651 280
465 269
796 711
771 899
23 566
393 585
249 519
437 106
278 608
432 176
894 448
271 665
628 180
744 425
397 787
517 747
664 234
662 437
821 425
234 518
203 989
162 246
650 20
389 448
817 525
307 587
739 588
702 320
904 407
390 927
360 223
363 672
290 758
204 80
798 467
189 484
986 174
200 759
40 620
312 913
434 348
217 20
403 683
122 335
389 900
943 301
856 381
751 822
914 101
717 624
244 746
601 47
105 984
913 155
515 763
273 4
916 858
259 57
978 963
795 155
135 666
65 378
374 492
825 31
549 920
349 162
956 910
113 989
835 795
931 728
331 616
886 506
905 681
746 601
49 319
896 784
476 218
461 522
347 338
923 285
924 981
598 665
865 235
571 271
774 672
831 849
903 452
83 217
799 247
144 307
163 17
491 908
383 650
738 391
116 23
337 294
210 992
822 303
254 189
129 50
150 488
82 498
449 797
508 312
551 692
223 839
884 131
7 70
360 383
489 413
841 752
640 324
73 606
591 260
336 504
101 8
563 835
567 319
972 685
833 721
246 910
7 868
859 322
663 889
760 734
941 631
105 495
725 709
372 787
1000 92
323 433
108 585
65 794
800 851
280 819
235 598
365 199
167 465
298 128
299 729
486 448
839 483
75 126
441 632
578 75
869 600
47 252
428 914
765 919
736 959
274 296
916 911
378 916
35 685
571 879
919 638
688 282
761 333
166 946
265 900
359 412
322 261
348 723
350 353
558 970
505 504
452 657
776 458
315 139
409 115
391 327
374 517
984 761
201 241
230 780
757 460
581 158
504 414
358 9
486 210
821 634
715 968
628 351
422 810
487 764
867 866
102 925
857 819
896 312
626 539
646 884
152 216
381 187
517 745
612 553
439 543
81 39
745 72
711 807
28 495
729 41
371 16
56 931
606 554
57 462
699 907
556 16
833 701
545 353
218 123
544 551
467 856
485 431
742 84
536 139
747 413
60 729
132 318
868 96
959 139
281 816
947 595
293 333
127 365
466 993
873 607
990 678
937 314
982 643
648 803
740 393
221 760
523 613
619 712
138 717
123 409
584 917
14 401
198 469
164 589
403 739
192 798
727 641
505 201
70 787
734 314
354 62
729 90
605 567
31 433
577 30
101 968
91 43
853 441
322 691
363 69
456 609
295 920
278 174
260 621
559 11
211 249
486 781
178 466
877 269
562 428
710 124
954 450
661 150
59 170
779 693
965 66
537 152
785 484
344 564
456 430
870 193
750 795
260 955
132 952
573 526
595 42
863 162
689 17
139 48
949 623
970 522
76 717
242 677
851 261
907 55
212 92
822 390
426 258
437 28
266 4
626 910
474 419
258 928
688 53
393 927
266 407
153 903
197 701
716 611
441 907
479 967
116 515
9 335
764 887
52 299
599 773
388 789
337 699
878 946
756 578
152 752
155 723
742 565
465 321
982 4
252 289
303 312
859 504
199 123
41 361
761 698
869 527
655 388
164 609
740 316
703 392
762 852
565 439
752 354
808 404
717 732
239 746
724 264
890 699
411 137
710 303
26 352
978 646
770 867
787 579
662 701
620 79
623 948
990 361
76 61
843 707
524 773
463 491
943 829
603 772
366 710
899 315
888 350
101 607
55 34
828 354
150 338
137 913
482 674
396 758
653 474
837 397
508 277
884 168
281 259
664 892
229 46
371 821
445 518
615 494
871 576
30 416
825 920
699 947
665 711
423 211
86 907
642 721
627 405
593 101
702 321
939 113
82 994
618 560
995 294
62 115
579 167
639 895
438 107
467 580
134 575
318 168
781 560
751 722
297 741
113 154
526 252
857 43
770 690
19 378
266 892
672 80
670 703
982 381
952 960
457 358
705 24
64 128
654 211
307 292
861 917
143 586
918 324
559 82
687 9
250 294
32 989
343 967
752 108
182 579
199 675
476 292
106 88
870 988
641 978
16 864
438 872
701 814
426 928
614 465
5 887
301 480
528 145
839 608
954 506
413 599
779 438
625 685
883 385
352 55
715 235
231 833
469 956
496 886
465 505
486 273
42 973
974 10
727 342
655 757
90 905
785 863
96 298
315 520
209 13
470 920
551 917
829 787
519 187
116 980
195 233
532 70
642 514
259 954
498 180
669 251
329 930
56 230
193 184
480 774
614 949
553 357
877 777
364 732
327 488
498 918
350 643
748 634
14 210
682 152
611 306
778 695
283 255
284 172
472 180
146 77
184 360
351 132
807 583
621 38
448 476
748 175
516 37
222 2
443 723
424 286
504 995
303 839
14 270
299 820
297 378
10 869
72 566
150 73
153 859
482 921
119 750
610 413
577 716
830 654
639 26
641 687
75 667
666 10
465 315
743 40
305 146
418 851
326 552
662 54
295 571
686 184
675 425
902 367
703 543
979 799
708 423
585 436
125 83
241 638
663 585
244 327
742 194
779 84
963 243
301 904
360 348
869 32
135 257
730 701
986 291
134 58
96 576
497 822
43 238
725 902
318 292
251 771
677 867
949 206
454 676
350 597
816 829
6 114
254 741
111 356
991 664
502 803
52 118
733 593
57 792
528 427
242 292
687 540
101 662
194 387
624 596
836 735
740 394
400 86
892 349
127 496
878 280
365 315
458 367
904 29
762 817
874 791
545 797
522 175
934 169
972 372
22 983
207 473
152 849
174 786
430 376
820 256
50 805
870 698
264 410
819 72
69 361
851 833
967 320
511 196
331 418
960 492
835 978
32 517
490 321
74 251
370 811
235 159
996 858
762 356
177 26
361 325
805 1000
366 694
774 617
135 161
106 19
987 422
590 705
572 852
171 597
832 649
154 941
263 125
837 424
16 838
423 781
851 68
412 895
251 592
755 448
348 282
84 861
659 407
306 917
826 172
510 653
648 644
546 63
806 629
609 10
612 300
787 424
455 238
518 456
61 659
7 589
981 866
303 330
703 213
635 227
617 428
375 420
803 771
863 403
496 195
482 426
133 211
207 289
804 594
623 608
350 28
464 911
139 244
911 719
71 354
734 422
437 852
117 416
598 401
505 454
869 740
964 65
818 84
377 252
107 39
36 372
398 720
516 275
409 185
339 56
359 133
306 275
755 576
205 543
352 445
137 775
139 369
34 393
804 101
457 555
788 922
791 361
957 577
300 196
227 892
965 182
414 324
269 639
606 696
992 124
205 321
409 836
478 124
174 452
145 834
10 268
333 157
405 240
832 516
305 388
414 102
971 871
884 216
632 177
337 107
298 581
694 41
575 381
201 412
55 737
223 515
738 805
506 533
764 148
964 438
217 719
15 388
588 458
642 686
171 138
373 784
160 889
432 766
308 33
823 773
726 796
895 616
18 138
751 876
956 580
961 506
545 251
697 288
790 711
4 88
759 38
558 544
801 450
911 781
933 197
958 95
246 806
361 816
622 725
917 817
520 5
369 593
463 827
715 482
151 241
943 945
274 740
115 750
410 685
525 157
47 425
784 793
912 366
587 172
97 777
391 460
856 187
827 778
22 104
776 604
173 148
505 316
838 142
967 371
63 677
227 779
569 800
785 419
14 879
367 275
444 536
52 429
174 369
253 136
58 406
629 861
866 545
171 669
281 365
382 327
479 747
124 266
968 96
630 778
6 120
797 643
615 444
85 657
855 397
825 842
509 817
573 904
43 133
946 974
997 115
837 531
87 212
933 724
720 303
519 203
557 404
206 706
319 929
837 932
363 753
660 995
609 973
78 568
692 316
730 107
603 235
604 576
384 605
131 906
167 322
817 777
472 774
455 71
61 844
961 454
799 994
925 291
599 460
420 957
402 224
207 599
669 830
428 908
657 862
269 144
472 36
971 58
165 79
847 615
4 195
679 838
347 917
399 969
118 80
467 216
909 465
35 572
753 727
610 184
95 416
448 251
178 44
880 222
899 84
151 483
45 796
528 378
269 852
365 811
685 460
238 242
795 308
158 596
7 369
559 708
620 950
396 296
36 263
510 218
58 315
168 407
12 280
451 264
217 850
254 223
845 1000
45 224
240 608
254 814
310 204
96 344
118 441
245 937
48 475
391 773
394 59
609 670
292 734
441 252
884 272
977 466
688 11
157 200
189 268
920 78
370 61
561 876
394 285
103 797
731 28
734 877
660 16
863 523
518 82
385 630
714 427
399 93
517 794
631 364
889 849
68 618
27 558
274 217
76 77
317 341
281 935
946 679
621 487
626 97
532 296
844 74
350 775
962 812
564 121
674 521
624 676
950 890
476 681
682 12
133 436
377 276
984 236
506 112
400 301
678 80
809 903
57 618
459 778
498 748
869 971
374 443
981 129
870 134
912 970
813 968
980 450
300 669
841 391
213 119
671 591
857 685
163 380
737 839
741 823
101 680
75 553
439 8
979 111
238 922
33 969
434 648
509 196
362 962
718 392
25 413
956 443
582 203
361 469
126 87
604 736
586 873
254 251
440 531
759 842
461 899
82 440
245 540
46 743
431 863
582 501
833 893
669 495
929 322
234 414
785 806
972 608
348 394
846 185
177 566
529 372
932 930
293 956
111 165
60 921
741 62
350 566
955 624
575 8
501 603
786 785
694 654
53 318
809 688
99 464
251 253
969 826
543 273
894 833
146 3
847 825
977 523
506 37
658 70
236 254
753 44
133 623
221 590
757 556
739 106
759 242
463 945
1000 707
503 432
674 668
151 232
771 298
679 397
679 604
762 965
691 451
286 805
810 479
792 894
240 822
32 848
76 442
410 112
800 456
377 425
932 221
650 874
390 545
799 399
766 758
18 863
1 454
699 299
130 226
828 397
118 725
11 289
638 159
325 278
699 9
591 15
259 481
997 740
289 685
841 840
110 455
390 137
935 562
243 34
794 350
617 785
724 531
85 779
265 974
158 985
31 341
788 304
257 312
660 656
998 353
121 691
237 977
739 659
410 889
648 673
158 222
261 242
462 525
532 19
203 943
55 902
739 625
560 364
686 796
927 722
713 834
368 765
95 890
997 410
47 903
711 412
269 393
721 328
902 935
158 998
85 161
748 935
498 594
652 733
356 628
288 252
914 96
474 819
669 714
908 518
360 670
844 368
725 517
528 625
639 445
732 753
514 572
697 626
383 115
455 678
444 213
502 327
801 668
344 801
199 669
689 915
999 186
784 937
947 359
184 889
975 189
407 673
822 512
804 11
382 27
310 355
957 755
559 291
306 391
288 902
474 549
681 721
588 299
340 602
732 164
115 218
499 59
63 922
638 600
963 392
600 590
824 706
483 247
642 847
664 811
702 807
386 364
104 728
699 243
774 227
613 345
885 740
100 130
180 644
452 417
794 596
318 270
526 755
164 912
238 97
223 503
416 129
199 398
971 497
533 346
458 516
204 480
920 785
351 339
423 838
321 260
394 600
551 74
899 765
20 498
919 742
66 112
730 27
726 71
471 952
990 856
8 56
969 579
717 529
421 468
792 664
136 348
599 677
230 62
765 773
934 786
481 410
728 133
218 875
230 866
758 97
356 989
505 509
876 148
22 154
266 600
174 65
106 795
434 786
736 510
990 295
295 727
120 915
922 364
760 355
832 816
686 79
909 916
34 462
767 160
842 329
884 972
462 30
854 812
12 281
324 27
408 214
465 475
764 537
357 221
491 651
936 556
224 782
326 358
543 497
910 780
504 376
613 381
742 851
46 938
964 233
656 554
955 874
538 514
157 391
980 915
696 758
493 192
801 409
829 934
26 949
225 886
377 991
403 213
609 1000
260 502
962 248
48 536
181 788
511 573
518 381
920 668
83 794
617 992
213 419
711 356
215 629
422 565
829 761
999 681
360 568
605 786
644 178
147 890
386 734
630 463
244 702
320 326
416 873
390 23
677 236
961 195
49 521
74 428
311 393
442 584
740 633
634 228
748 28
487 200
696 511
736 700
18 663
205 791
518 840
723 934
117 123
467 100
253 523
808 104
704 9
376 426
349 393
520 907
723 132
121 346
176 377
729 539
676 54
935 811
365 927
210 524
637 711
710 797
331 992
883 11
290 465
836 835
84 552
395 399
381 122
989 379
132 842
742 441
306 59
419 786
34 180
73 650
438 402
21 426
544 777
375 973
755 83
681 852
147 367
295 140
632 262
194 801
33 485
507 298
803 713
720 345
314 390
722 267
462 566
708 202
820 908
638 655
531 723
34 777
243 389
778 408
191 173
472 591
360 231
512 228
976 202
62 90
33 176
91 998
954 552
961 284
617 402
981 977
303 197
618 192
380 472
271 283
682 94
555 803
498 559
469 158
273 899
80 403
192 893
575 719
118 110
122 101
734 420
330 86
874 555
66 636
783 515
735 794
829 193
553 135
407 668
250 483
896 679
254 427
239 605
900 515
794 10
281 117
126 225
243 593
784 966
426 749
577 571
872 949
687 426
837 505
675 402
399 562
954 199
166 975
337 335
780 847
339 393
234 209
555 713
390 98
929 508
289 797
219 220
920 233
663 627
650 318
543 457
385 403
64 862
177 593
87 50
358 566
932 967
846 773
6 444
635 562
547 744
207 942
992 243
483 142
85 334
32 310
656 784
894 896
592 926
755 506
414 702
367 512
212 583
639 888
234 951
428 917
761 746
354 272
112 632
872 205
3 471
342 817
824 48
643 532
293 403
973 625
136 466
89 86
751 588
458 165
540 43
777 303
265 515
236 114
383 237
772 214
773 699
540 90
669 634
619 947
951 528
218 660
607 146
865 471
848 515
278 250
961 804
283 336
947 249
343 960
108 203
933 438
165 796
173 257
867 543
282 395
709 480
659 823
340 645
452 863
25 427
957 754
742 360
797 540
22 292
625 977
510 188
681 720
955 17
22 328
188 928
798 441
266 790
504 501
766 461
589 620
41 706
284 854
546 417
505 904
152 680
852 990
525 513
584 195
432 848
436 526
160 586
472 716
876 938
733 559
293 994
582 385
518 229
311 548
65 579
158 212
74 787
772 592
258 582
930 260
548 683
717 204
403 124
976 74
170 145
722 610
503 55
768 802
455 176
618 930
136 398
677 575
971 222
743 818
467 527
70 664
491 373
41 422
494 520
999 533
798 576
947 902
251 277
344 113
363 319
26 506
666 546
122 42
268 330
397 42
661 953
521 240
139 767
377 88
508 950
880 65
933 473
115 716
317 868
84 81
526 360
953 912
164 233
404 600
297 392
580 657
4 186
250 424
628 645
420 450
207 58
335 241
534 145
955 421
610 267
663 503
984 620
456 5
629 142
135 573
427 644
286 329
604 476
146 804
932 347
628 458
336 698
466 821
353 176
367 23
349 616
79 387
391 775
698 107
592 538
976 889
629 593
171 409
299 236
452 390
493 302
775 296
167 941
760 655
484 55
360 125
531 694
327 683
691 789
755 148
42 365
575 129
394 490
988 640
698 316
845 443
938 239
42 440
958 234
413 271
307 820
954 533
15 261
298 209
299 680
259 196
85 247
43 19
897 442
379 228
282 621
355 145
817 900
235 711
735 242
627 541
829 361
99 148
469 992
909 273
947 994
783 264
255 281
725 25
69 453
861 937
19 548
903 836
164 997
231 369
382 999
450 108
614 690
406 87
672 377
925 841
676 337
948 542
951 713
753 578
750 419
934 537
477 128
219 575
779 600
62 676
69 136
358 232
14 523
328 270
455 253
2 83
991 617
818 145
288 848
110 889
580 427
28 654
429 385
413 540
417 473
628 447
392 777
928 971
586 919
327 843
399 590
789 210
814 895
484 358
327 984
789 67
573 748
333 71
765 68
173 61
688 41
254 554
759 539
817 484
157 91
74 811
91 219
879 162
458 714
833 526
246 613
925 86
194 447
503 78
283 890
237 158
365 105
811 83
26 825
517 254
941 972
122 942
384 534
472 849
146 494
972 38
699 742
316 962
318 176
433 666
198 410
329 601
423 911
611 335
539 506
635 85
672 217
670 564
32 120
496 187
531 142
951 873
808 521
716 178
89 796
575 377
655 305
36 679
669 661
49 564
691 453
912 502
526 268
554 823
499 628
279 114
118 926
924 325
219 816
526 433
622 542
970 7
572 311
330 166
663 232
352 338
938 569
813 699
836 748
838 22
398 727
741 809
995 569
378 541
89 934
789 419
704 133
79 7
617 612
508 563
254 59
537 299
314 1
33 580
380 629
676 954
715 120
201 286
202 545
846 334
495 164
558 450
361 64
414 474
220 413
993 923
715 138
667 710
262 158
487 583
927 152
31 343
493 468
711 164
743 733
513 165
197 524
401 715
238 472
370 240
670 621
618 282
46 995
910 628
656 627
91 182
896 948
798 937
592 768
534 999
938 276
756 563
629 105
298 6
449 402
437 982
730 5
10 233
290 610
307 428
851 959
35 854
696 124
882 859
773 920
433 535
730 295
772 64
995 921
784 638
178 805
658 91
877 357
516 77
165 57
293 244
407 108
430 439
801 545
877 502
435 287
847 533
956 907
456 540
1 518
734 16
827 926
24 929
390 624
581 387
236 873
457 213
386 203
260 688
980 231
853 607
384 424
6 563
311 509
780 14
976 737
46 323
418 954
257 120
811 561
719 984
412 523
376 816
324 432
896 337
456 200
441 372
816 88
944 109
157 368
698 84
21 481
884 319
393 842
471 49
806 726
349 805
225 767
65 578
337 997
319 93
703 891
937 662
459 342
96 524
256 565
134 354
475 790
194 153
987 783
159 693
955 698
995 505
763 446
341 215
695 692
585 946
312 963
385 777
356 308
360 847
721 117
479 78
763 83
449 239
360 990
514 845
554 90
576 574
977 593
541 368
895 967
731 622
948 705
772 36
520 85
352 315
98 161
878 152
749 382
252 954
862 167
476 486
701 251
870 658
155 219
709 528
737 719
687 41
174 980
751 146
657 14
382 859
255 43
917 564
315 142
33 206
706 629
301 431
754 845
487 388
344 942
273 406
292 182
377 917
463 431
748 367
624 293
79 66
127 882
609 215
940 665
617 572
158 230
563 642
748 50
161 404
73 434
300 143
908 334
379 654
54 954
1 46
208 502
850 61
558 506
742 119
814 864
48 79
829 605
810 873
719 813
952 430
409 690
51 977
379 492
819 891
517 724
980 814
506 985
379 349
930 71
953 158
629 705
43 226
744 373
272 299
907 381
746 431
103 798
73 863
778 482
372 717
513 887
18 303
972 940
935 56
761 839
703 44
946 723
436 209
809 601
493 992
276 634
134 616
779 18
85 246
714 710
588 682
273 788
809 746
646 471
479 418
815 324
449 203
378 211
736 993
130 550
919 490
939 488
759 235
505 204
51 216
368 116
83 747
255 489
83 344
415 377
700 932
679 712
645 456
83 457
987 879
418 574
899 928
409 161
583 509
508 697
935 852
612 177
378 617
116 37
444 620
562 139
466 244
163 44
419 182
3 567
970 426
906 652
154 937
563 527
793 22
499 245
923 663
798 257
546 486
159 329
396 557
516 782
167 882
774 286
400 473
335 520
873 81
121 660
802 207
392 469
129 799
646 996
333 471
359 19
860 488
402 720
519 255
578 601
565 845
869 455
561 104
105 711
553 926
458 602
683 962
526 112
29 177
142 976
623 281
365 249
94 457
297 976
106 263
39 136
324 866
865 894
703 294
597 303
13 190
723 761
481 742
49 986
446 676
268 700
363 262
386 851
761 415
448 24
732 744
753 771
679 543
440 731
779 921
887 728
853 344
491 235
420 37
991 686
169 355
494 881
897 615
92 365
348 775
278 62
575 828
689 965
33 889
73 104
245 859
310 335
221 160
975 75
848 544
743 31
250 592
272 274
681 762
274 832
982 538
685 162
52 417
706 642
897 946
880 598
864 75
148 380
920 461
645 992
704 420
135 22
125 422
149 150
333 153
577 859
417 929
894 458
314 326
563 26
100 331
34 73
841 687
953 357
256 243
100 405
462 737
500 604
450 185
731 40
72 379
15 353
399 240
590 157
752 872
270 327
823 718
809 254
855 184
911 250
159 865
91 855
113 947
60 670
136 645
43 968
687 611
816 584
740 511
7 706
319 764
676 333
594 601
660 664
420 901
826 640
132 17
174 620
491 280
297 103
260 893
234 111
446 576
752 131
644 27
222 43
615 560
299 814
191 788
715 486
588 590
3 34
818 997
123 531
531 504
679 656
404 582
259 221
905 723
502 501
50 202
13 470
255 135
160 854
405 348
338 209
139 256
468 444
733 504
685 373
898 10
908 468
325 358
277 3
667 903
742 505
638 190
842 419
194 722
780 877
283 783
927 238
453 595
665 27
43 475
79 425
29 644
214 384
932 519
384 21
93 541
367 98
78 243
704 686
190 489
10 115
293 332
856 884
270 432
608 313
839 529
741 115
797 417
805 897
694 811
843 559
574 685
760 595
854 429
32 340
711 492
380 316
738 619
316 532
78 687
462 782
857 360
655 37
218 306
146 55
813 502
757 719
317 446
544 366
928 13
715 215
878 257
401 131
826 676
222 758
411 86
32 161
326 327
478 2
902 672
360 765
515 733
528 821
120 585
139 753
800 277
286 864
72 684
877 473
997 735
248 493
874 609
265 799
846 326
109 512
449 857
956 31
598 588
909 175
218 904
352 394
942 73
585 204
352 121
119 957
814 903
853 774
107 257
89 782
37 726
793 904
262 325
528 171
379 641
381 83
54 955
55 406
298 633
814 865
121 526
585 447
567 123
827 470
149 206
298 520
940 79
585 264
698 105
205 103
647 80
885 709
946 392
580 117
531 587
768 919
586 674
555 305
521 609
149 416
902 38
997 108
318 526
391 551
103 793
39 113
497 186
841 555
432 555
473 433
238 243
544 684
312 680
341 234
329 722
381 761
184 43
882 958
848 242
830 422
479 28
887 179
246 313
212 420
446 431
902 509
857 324
68 958
723 304
448 287
247 129
484 629
363 396
700 517
757 596
4 28
249 357
965 615
624 823
735 13
972 369
526 40
985 202
863 233
339 965
714 155
622 512
491 14
643 157
918 257
500 368
908 815
804 360
814 551
560 764
267 270
830 687
305 32
735 598
814 931
289 532
211 315
429 272
72 19
236 798
898 313
812 215
726 723
806 829
437 182
76 602
838 505
650 281
618 405
232 360
33 265
694 70
141 894
402 702
935 360
866 53
836 499
765 51
158 131
308 936
638 376
629 676
996 249
130 472
211 887
160 995
952 383
626 874
831 9
838 55
299 77
618 617
269 1000
706 212
742 102
694 573
94 345
866 430
422 208
80 263
354 250
744 814
426 789
325 555
387 136
295 77
285 761
235 818
550 47
364 86
496 422
312 176
46 906
999 940
247 907
17 631
642 125
387 422
634 7
942 308
993 979
856 53
912 263
87 915
164 220
920 774
227 564
763 582
165 669
274 927
993 477
353 126
45 864
282 434
139 487
508 734
698 634
875 942
399 654
940 866
279 560
513 464
417 507
839 664
590 806
225 390
337 332
85 934
11 15
267 153
572 740
334 147
732 482
842 622
275 739
827 286
82 299
465 177
764 947
46 630
735 881
640 251
107 900
280 250
45 454
138 248
431 605
970 809
91 136
723 76
203 978
196 367
237 239
773 36
240 667
265 68
510 908
995 300
647 719
782 338
342 236
787 56
57 859
714 265
759 396
139 921
194 452
753 115
477 595
250 675
51 226
611 313
472 77
271 489
459 889
666 180
544 33
66 957
32 245
985 145
549 816
736 793
368 189
723 517
640 867
138 333
944 889
743 463
878 348
774 889
496 672
539 4
616 753
391 459
856 128
615 150
734 161
32 689
567 963
642 438
561 302
232 740
45 143
306 387
339 548
352 205
150 368
79 138
933 831
529 921
533 817
427 810
559 525
998 39
680 426
555 566
93 747
385 210
557 92
171 289
79 424
357 54
682 703
149 282
354 796
581 743
396 837
385 202
133 886
321 911
321 510
414 865
418 380
114 15
781 795
393 42
60 848
120 287
588 491
256 510
385 670
355 920
926 443
614 938
801 22
52 152
60 675
761 794
101 617
7 656
472 779
643 740
420 555
900 221
339 605
566 560
326 309
257 666
596 563
706 399
749 491
950 770
865 534
801 261
611 22
308 582
2 441
348 570
583 64
95 286
297 211
943 44
636 530
965 676
767 360
622 613
454 427
424 234
880 297
946 294
18 888
126 499
970 93
202 419
370 769
475 966
905 718
836 550
304 415
269 847
456 298
329 60
790 147
168 382
850 390
690 479
728 854
912 109
680 217
790 2
124 982
106 57
267 80
894 33
16 848
346 507
133 319
150 399
758 592
708 429
686 586
367 811
337 37
154 629
410 667
822 44
56 571
34 910
14 729
645 574
25 625
389 496
545 378
159 538
151 666
134 332
274 634
123 195
126 498
699 622
494 350
26 800
178 679
87 469
407 466
192 159
604 720
998 629
146 24
554 429
815 326
351 317
88 823
506 10
236 151
535 583
147 894
152 808
504 551
106 679
13 857
394 813
435 187
563 183
217 375
326 51
826 923
657 95
841 394
752 91
455 618
546 945
249 55
967 663
112 329
722 172
245 419
652 293
671 731
692 742
895 57
701 848
465 648
158 693
468 501
123 140
883 462
439 180
266 858
82 949
540 688
831 628
12 392
694 724
168 662
742 224
139 577
396 958
181 176
777 921
347 571
263 430
245 263
713 591
937 835
591 618
298 783
327 380
214 171
550 599
548 671
845 459
285 774
868 956
583 603
821 566
207 736
194 78
602 115
930 442
184 200
316 989
463 670
778 742
564 171
730 223
677 500
863 409
235 468
186 781
575 277
66 807
48 870
468 887
506 46
271 306
648 85
744 524
703 433
209 821
431 210
608 283
849 592
956 883
518 526
355 364
197 369
187 679
297 299
830 927
482 889
966 207
847 376
803 806
723 838
157 948
339 466
36 23
927 321
287 166
533 570
149 833
866 821
885 215
188 809
407 521
528 470
380 513
136 803
671 989
665 140
187 208
958 733
231 683
676 820
552 762
268 718
229 454
500 839
619 609
82 296
967 745
785 773
471 510
509 807
522 584
349 990
647 411
462 743
690 954
15 285
306 947
347 293
220 557
940 310
190 301
152 249
18 482
881 330
916 447
518 31
577 808
619 128
940 453
855 186
643 890
19 52
205 406
671 226
654 46
138 607
725 267
514 645
950 948
162 46
947 617
669 852
748 819
401 54
296 284
743 744
526 118
486 531
213 185
669 664
787 902
386 816
666 637
353 334
631 919
291 605
126 581
145 442
438 577
221 335
991 310
166 547
95 475
83 387
529 448
224 315
982 762
157 777
804 48
953 858
129 360
121 278
603 918
864 506
771 854
186 218
900 882
168 372
29 608
930 68
620 991
968 392
291 445
187 252
659 646
823 907
326 737
348 297
884 139
758 740
637 493
675 144
953 278
129 212
167 943
560 80
432 803
363 969
290 449
474 98
594 371
137 370
726 412
642 541
318 854
954 795
60 862
669 244
119 317
673 241
30 278
566 356
489 560
238 213
318 109
66 474
854 419
230 11
217 862
894 928
200 652
459 169
227 213
583 688
235 590
108 720
22 736
332 264
616 131
891 27
472 187
382 642
330 825
296 361
407 175
781 478
393 485
236 195
181 590
886 141
84 383
378 924
506 201
416 689
623 678
438 690
790 455
131 198
114 946
418 611
924 281
74 4
148 771
131 87
256 60
849 795
477 132
762 216
58 739
975 156
293 742
889 219
563 790
399 848
36 190
720 935
438 254
439 83
499 508
952 503
929 421
729 691
418 874
680 361
954 264
516 759
811 641
278 710
10 626
555 50
254 193
475 148
148 310
371 39
278 689
788 920
394 82
381 734
110 384
771 592
888 234
194 935
422 81
305 454
56 572
537 179
24 26
975 577
523 64
623 260
154 741
971 367
548 533
417 125
788 100
542 651
261 164
826 614
671 489
566 209
159 517
663 263
595 707
445 952
180 443
660 909
722 727
51 398
129 721
617 443
919 513
847 1
523 524
302 765
639 828
308 406
554 426
276 756
249 506
66 192
88 824
584 925
92 832
493 767
282 920
299 586
985 95
877 153
644 78
5 756
810 50
363 172
554 863
421 324
740 614
580 979
523 968
486 682
221 439
365 128
350 325
300 554
642 349
104 401
89 590
440 844
388 559
480 93
614 400
5 840
852 493
619 42
323 761
445 40
767 242
864 307
827 185
187 70
561 373
248 88
999 479
214 893
340 552
966 684
720 786
43 731
887 491
775 846
23 549
624 765
486 321
16 957
54 901
36 432
115 153
632 45
405 229
723 342
121 552
177 334
245 799
842 584
572 689
101 231
113 729
239 105
560 24
731 12
693 276
731 193
894 655
474 90
720 350
977 65
726 452
783 266
531 726
642 709
42 265
393 97
932 730
837 870
721 213
460 191
899 777
389 245
75 464
441 734
873 547
388 450
696 996
963 590
92 804
532 441
594 2
192 882
801 424
86 402
911 679
291 614
518 527
151 210
28 287
931 598
731 984
946 339
329 264
991 282
540 226
10 853
653 957
361 639
420 32
579 305
247 683
154 652
112 374
644 727
622 698
900 633
121 136
697 346
549 350
284 388
228 719
789 971
587 874
50 775
898 249
760 160
573 868
384 238
183 150
849 414
428 31
508 301
791 982
719 881
188 767
561 115
47 411
250 928
15 638
807 498
536 449
261 474
154 682
561 895
841 684
381 379
533 110
869 6
640 108
396 818
347 292
594 287
851 756
937 719
668 425
280 410
308 40
55 781
612 94
891 129
639 871
105 532
713 981
952 123
436 148
147 987
666 809
208 795
835 454
657 986
531 65
195 371
243 819
601 133
307 589
966 921
515 597
977 652
354 15
66 955
840 986
730 466
163 657
726 654
892 610
52 617
519 994
93 259
735 980
265 992
379 990
112 259
791 55
410 94
948 722
54 513
291 241
240 679
411 699
478 609
382 29
440 772
348 917
790 100
331 833
822 561
236 578
883 393
811 676
955 727
372 130
319 389
380 661
685 20
890 564
429 342
676 809
557 90
119 617
210 327
267 788
138 713
347 98
610 304
211 979
287 622
534 677
973 123
777 976
483 499
726 413
410 935
733 603
475 887
829 924
670 180
929 110
397 528
968 980
532 61
298 87
142 796
125 636
553 987
806 263
668 762
887 168
981 803
394 725
386 614
421 252
795 931
670 481
105 641
352 978
60 387
804 514
574 236
647 864
852 790
190 661
692 895
720 891
688 108
865 389
807 542
585 661
709 540
827 577
79 820
247 738
175 257
184 684
652 259
157 891
88 264
804 454
608 719
676 970
847 416
650 812
376 250
118 740
55 205
978 53
149 888
228 647
147 165
144 264
366 525
318 912
473 810
504 340
498 622
314 27
336 703
903 193
689 125
447 325
360 309
968 52
401 885
681 977
663 577
99 826
273 105
585 269
20 88
314 381
252 193
414 816
492 720
733 526
937 869
349 773
741 3
926 175
86 856
59 405
38 991
477 92
360 241
215 813
436 46
551 634
263 763
678 798
475 625
188 659
136 177
63 769
164 743
695 773
311 880
497 362
947 234
243 251
605 876
142 26
511 793
442 880
938 925
248 703
355 229
820 409
239 899
316 136
429 935
302 335
195 797
827 764
574 283
758 468
283 366
620 461
199 722
511 204
611 786
593 771
710 218
496 746
579 319
796 983
213 707
586 47
953 800
780 67
638 283
197 223
288 853
680 183
900 932
651 502
652 5
416 457
966 685
434 40
516 724
107 850
713 130
162 392
670 6
974 219
848 332
646 841
595 698
376 987
512 301
984 794
822 14
992 293
100 489
872 283
615 509
142 745
33 511
604 882
988 721
789 800
96 601
59 591
209 222
187 596
842 954
9 199
172 629
564 407
584 333
307 998
313 125
460 184
29 485
138 948
980 946
604 519
787 33
455 119
88 870
414 744
808 639
666 382
591 936
78 789
283 191
48 792
787 255
950 857
740 293
28 233
770 598
878 687
511 898
403 631
541 421
84 176
925 518
909 385
566 792
239 788
844 730
117 424
725 169
448 139
467 153
118 684
643 250
624 204
165 866
576 183
702 368
117 89
191 978
140 160
913 864
813 307
164 46
628 587
165 755
810 760
221 484
188 180
656 142
503 973
987 764
680 4
954 495
992 790
663 453
150 248
424 180
211 506
128 966
591 103
776 646
120 64
690 372
103 265
243 672
552 365
625 777
457 499
611 714
758 623
500 779
448 742
640 796
551 76
42 918
777 729
120 960
858 532
289 791
487 908
594 930
189 822
779 148
817 345
525 616
752 910
103 137
754 124
739 664
922 594
962 926
964 303
373 509
402 816
47 686
928 424
381 604
347 340
151 732
93 727
534 875
188 274
636 69
433 808
216 392
344 381
677 517
803 854
318 837
26 649
668 328
688 534
539 477
422 243
706 422
503 508
913 256
754 410
848 987
887 410
601 53
394 995
682 350
442 667
98 9
61 115
245 214
852 866
543 902
472 366
71 318
511 55
173 490
308 899
19 720
663 11
991 654
939 867
163 317
461 512
112 712
490 16
879 990
383 303
735 538
925 743
210 915
638 339
484 581
771 856
849 616
7 51
266 784
56 708
76 703
457 907
866 569
813 94
573 702
78 68
86 326
210 324
270 666
785 854
758 275
877 589
254 532
493 324
720 392
96 402
519 178
105 324
893 163
52 325
968 838
53 44
200 464
254 615
147 171
404 314
116 588
962 380
284 272
507 89
920 792
557 541
530 427
802 324
952 425
368 272
829 449
180 199
790 776
203 174
810 90
356 384
449 226
537 234
165 230
39 653
796 8
687 858
133 671
53 529
517 482
666 556
353 511
407 30
247 991
505 164
503 625
640 979
805 423
808 341
334 961
615 592
173 445
355 422
175 147
623 785
610 176
594 717
503 573
904 727
979 381
980 34
875 188
801 689
567 514
684 990
895 6
610 402
121 327
638 508
231 958
396 337
320 110
274 885
139 738
880 81
528 16
514 95
280 889
616 518
824 886
861 293
459 565
577 918
301 878
358 353
931 139
116 787
577 775
337 26
330 155
341 690
471 51
845 194
793 351
707 225
11 310
177 514
362 526
574 531
6 495
981 627
622 347
566 215
953 18
129 976
336 252
778 495
962 320
212 155
489 530
19 1
368 685
591 689
189 433
688 496
252 279
697 390
475 624
42 53
797 163
449 93
782 265
971 240
113 200
937 756
557 803
136 1
725 449
66 222
375 328
855 578
164 631
256 874
187 367
27 169
174 680
925 688
415 582
473 881
627 912
277 673
778 946
998 698
397 72
59 351
75 882
661 999
222 231
897 601
815 22
710 328
32 943
841 399
218 854
19 667
776 318
524 644
266 660
448 223
620 93
17 598
804 404
537 567
535 4
900 647
79 952
512 883
585 771
931 875
70 213
354 468
700 845
594 979
386 140
188 768
137 727
279 393
857 599
54 889
719 197
79 222
248 90
102 85
26 812
737 763
310 390
572 877
61 507
281 188
923 765
176 934
324 102
271 537
573 629
832 561
172 50
410 587
876 714
203 716
962 531
154 596
907 446
217 959
148 42
977 54
223 170
815 946
697 389
580 85
696 554
859 54
474 88
679 45
815 803
191 69
534 784
531 728
588 479
111 274
797 101
873 775
975 28
398 464
960 909
458 915
209 547
485 602
288 10
215 673
55 856
441 732
355 34
608 707
194 508
359 538
406 596
146 123
191 537
963 560
514 782
17 494
477 764
4 252
834 319
683 978
711 103
791 847
960 329
414 329
96 1
319 386
481 475
265 970
527 998
695 866
734 62
330 160
184 324
563 946
64 559
966 93
74 173
383 421
439 503
886 260
852 412
746 763
213 742
126 153
295 660
405 436
278 930
654 569
718 492
131 732
940 862
846 659
260 198
434 567
520 652
779 425
466 868
548 250
487 574
328 925
612 949
298 573
335 634
67 504
431 891
582 457
803 396
372 509
768 932
436 850
911 865
609 734
246 953
372 620
487 877
276 874
19 409
280 365
318 485
636 352
195 378
713 761
608 385
458 744
170 164
268 793
712 447
90 511
754 38
935 255
86 99
620 904
574 839
881 425
377 762
443 212
949 336
454 790
476 762
527 183
967 76
570 662
759 174
212 403
340 200
160 318
269 244
777 338
347 896
748 133
848 619
101 933
784 643
857 979
397 144
572 354
22 775
928 695
870 635
357 668
222 587
197 483
17 133
116 948
700 414
939 866
317 970
304 503
875 96
399 968
165 662
314 688
277 300
261 983
425 633
945 370
766 282
503 976
453 171
691 961
257 567
997 558
568 854
168 420
956 453
82 86
559 664
475 141
723 419
672 867
475 58
349 541
831 393
306 880
370 191
544 840
814 552
945 655
51 872
413 145
911 406
720 393
683 287
738 990
281 519
138 152
546 13
696 738
627 458
648 581
774 5
311 365
972 902
994 586
902 857
835 134
256 609
699 695
424 515
976 464
869 363
726 236
910 487
434 484
945 499
866 483
4 918
85 77
751 760
184 370
647 973
706 395
644 766
178 880
911 872
145 121
344 966
934 187
4 180
460 566
830 379
122 53
776 398
145 10
247 591
196 995
344 150
666 719
558 977
474 892
477 119
614 536
615 817
430 183
783 753
879 908
201 109
88 70
758 795
225 120
837 152
387 665
720 922
421 993
758 906
709 94
231 782
785 390
37 721
186 253
847 192
957 896
272 242
413 930
654 864
953 597
901 925
722 106
798 303
669 88
766 99
180 578
841 776
755 974
992 428
266 23
234 419
271 730
928 755
717 391
663 801
371 759
462 546
446 231
357 264
290 583
57 68
720 260
169 514
6 383
30 369
397 562
806 470
420 661
403 417
223 352
260 510
872 110
636 31
963 825
527 344
252 272
218 352
833 343
590 504
920 740
99 447
869 655
566 609
767 161
679 130
791 580
556 591
818 610
598 847
588 120
443 555
958 350
579 903
247 781
430 279
606 364
537 875
27 89
65 398
359 292
14 321
678 216
294 721
478 370
818 983
66 528
519 877
699 795
630 16
631 713
953 949
244 399
79 955
301 397
487 422
628 736
211 480
138 738
586 188
474 626
421 901
20 647
614 358
120 38
373 444
916 552
999 472
514 32
550 930
721 620
594 242
387 922
119 781
908 360
124 613
876 692
715 894
92 203
718 179
722 78
25 134
390 126
730 581
179 473
784 437
56 620
453 534
94 996
944 43
595 164
970 602
937 822
275 315
370 199
116 999
136 415
893 249
870 478
441 912
370 86
778 49
427 165
581 588
432 637
285 332
751 124
673 190
177 783
814 683
754 3
226 744
427 323
69 878
509 942
532 358
881 396
583 896
630 513
354 260
941 854
378 142
363 478
863 389
919 407
482 416
558 541
433 748
127 414
316 152
570 755
1000 716
782 4
621 228
143 714
472 417
938 782
601 563
201 890
398 956
240 976
826 955
494 805
98 466
64 46
407 950
190 546
619 860
909 16
468 192
737 777
535 442
630 124
870 559
467 8
328 450
933 363
59 338
760 453
408 602
11 727
838 152
107 430
435 599
967 374
816 454
762 398
988 220
20 734
276 320
115 856
581 91
306 619
89 841
166 967
958 993
453 633
510 362
519 426
580 148
431 890
417 216
56 520
385 453
388 591
814 525
617 58
161 76
915 807
163 522
280 366
321 390
198 844
471 728
163 667
592 775
169 602
702 332
406 793
378 646
85 342
252 57
918 457
536 206
424 552
556 753
199 482
479 194
105 537
198 622
50 46
661 602
576 698
632 742
229 632
105 682
290 557
523 678
251 257
192 169
860 957
477 735
114 571
740 731
177 977
559 500
213 837
353 322
61 113
32 889
107 223
852 211
745 677
448 233
92 728
666 283
390 619
585 841
330 340
25 258
121 169
908 991
123 887
864 271
420 293
477 308
337 385
984 664
254 94
556 476
224 29
187 131
704 279
381 73
715 937
419 372
168 564
405 169
500 873
690 745
49 247
305 333
13 747
309 269
704 565
633 401
48 41
12 588
437 233
537 219
264 529
449 523
432 807
694 3
822 244
451 642
647 507
411 627
484 27
690 858
642 537
384 777
521 472
375 484
376 755
608 430
131 798
20 276
338 932
178 700
985 308
676 73
364 727
258 314
739 826
556 725
722 749
716 19
610 522
916 701
852 563
999 700
838 634
342 776
695 851
184 371
351 137
299 610
336 578
971 52
165 117
282 819
929 536
307 412
861 605
518 271
278 303
526 449
728 664
782 879
518 869
340 614
210 704
841 354
549 49
382 834
936 74
294 896
226 310
192 202
656 185
909 169
315 269
861 144
187 449
248 878
227 960
267 361
126 214
936 872
849 569
818 372
656 103
555 875
666 128
371 186
667 633
192 827
475 232
152 181
315 323
103 416
784 330
718 199
594 49
647 57
98 800
286 83
733 922
307 26
185 156
6 82
655 579
513 942
287 591
147 344
954 73
775 298
542 51
104 759
924 919
228 36
303 458
431 641
124 117
548 759
185 495
464 338
319 860
677 586
125 541
721 382
446 337
29 343
342 774
843 815
75 441
477 613
62 129
622 540
38 276
829 353
630 338
407 207
585 709
293 36
709 620
678 217
187 670
667 104
942 290
502 277
361 903
676 458
58 929
934 902
370 975
444 150
27 870
52 494
925 833
948 742
314 646
215 577
814 203
736 737
602 865
325 6
145 672
384 504
37 402
258 449
851 66
790 386
62 831
113 422
895 437
625 866
935 947
900 822
405 112
278 742
745 357
672 829
12 310
953 67
612 915
719 921
777 674
797 575
465 62
376 879
768 811
474 260
366 782
495 110
512 288
505 830
897 250
437 33
320 977
484 76
530 700
197 673
133 841
455 586
546 50
545 369
699 528
372 808
711 676
916 279
983 451
941 964
48 573
378 284
930 439
939 303
942 898
773 588
730 216
752 432
933 837
277 993
759 87
17 492
400 500
808 497
991 96
575 353
762 856
426 982
545 677
457 374
409 220
835 669
567 678
415 693
3 234
53 760
469 645
297 302
890 119
908 890
5 375
52 512
985 747
314 555
84 913
19 842
383 423
157 801
28 680
469 842
897 745
862 275
704 157
98 676
31 168
343 650
969 47
163 96
350 983
171 541
963 857
802 921
784 244
949 550
277 89
336 747
660 414
884 878
720 641
261 437
957 824
542 990
525 532
326 929
572 593
849 188
686 28
704 601
210 494
637 437
751 189
533 106
312 354
497 794
104 900
447 124
86 788
657 604
146 665
828 809
975 938
363 782
125 995
579 2
483 185
30 334
15 62
898 970
540 751
602 80
252 345
454 901
536 894
611 258
773 127
27 373
191 430
871 2
889 931
921 865
721 471
639 577
160 449
969 150
170 742
672 108
856 505
288 357
878 590
457 274
437 780
779 813
145 445
500 263
788 836
791 51
785 382
753 514
40 435
226 386
745 626
28 652
547 388
503 978
761 593
861 470
348 913
314 801
564 984
297 693
157 693
33 911
470 676
148 424
167 636
262 336
335 826
557 61
780 149
875 785
470 535
728 975
665 115
116 139
297 855
289 839
399 398
628 110
525 568
567 413
665 397
366 954
686 501
10 122
673 938
233 883
64 595
256 214
350 730
59 539
812 443
669 350
446 201
67 244
531 677
955 581
530 535
320 136
218 27
129 634
355 926
281 807
308 700
511 515
609 843
204 105
578 442
105 986
137 160
302 746
179 127
234 912
881 75
916 702
645 24
773 83
976 353
86 252
94 283
139 776
835 567
148 88
86 367
476 591
977 730
429 959
247 984
507 631
553 411
188 426
559 149
583 243
87 992
923 998
218 881
386 792
217 382
222 153
848 728
676 294
398 740
23 201
887 526
72 648
193 550
953 776
524 488
454 335
52 614
261 969
12 45
487 269
510 118
936 465
352 112
6 535
44 350
943 622
415 193
242 547
997 721
428 76
12 275
604 469
93 856
774 411
851 372
615 247
927 203
382 366
521 648
298 755
888 239
919 23
450 470
380 923
896 164
9 298
686 529
245 815
470 140
860 284
458 844
169 759
405 543
601 660
470 255
716 707
113 786
996 83
526 580
393 72
312 120
613 982
280 470
617 275
66 59
385 877
228 283
602 8
820 71
414 752
623 370
726 487
97 704
9 794
394 836
342 886
625 106
19 337
203 476
369 820
758 270
5 366
248 707
943 488
340 147
522 555
249 223
1 676
364 248
183 596
190 516
191 853
239 877
311 304
639 476
585 951
578 294
779 595
412 804
149 777
954 471
610 437
278 901
542 694
335 220
540 596
214 775
805 924
594 865
371 515
812 869
486 235
604 266
306 581
609 100
917 419
991 886
941 93
29 547
874 201
984 960
968 453
56 767
823 89
36 445
220 434
82 431
210 376
745 591
668 781
385 806
301 992
626 899
557 584
863 946
267 929
531 942
204 380
228 74
736 262
613 779
241 193
114 81
612 464
316 757
704 907
321 297
527 265
15 37
807 9
388 169
796 318
544 719
365 241
111 509
231 786
402 99
774 290
126 998
569 221
200 856
574 78
811 360
613 684
626 297
94 211
285 987
26 595
706 497
924 440
1000 718
50 365
583 917
394 971
423 103
97 974
667 454
407 67
213 784
622 692
680 859
498 533
464 778
49 700
247 561
767 302
597 875
102 443
265 856
710 58
480 435
219 765
438 921
460 941
634 480
512 850
359 185
70 308
54 681
535 154
59 197
530 549
245 306
728 788
432 497
604 383
749 898
642 92
667 572
565 260
500 992
488 936
345 801
940 1000
797 913
447 264
619 299
290 802
989 341
498 336
98 886
945 864
124 361
570 127
382 323
833 711
781 927
858 306
328 717
590 229
539 917
759 758
315 985
730 1000
894 575
660 979
453 955
916 325
78 552
389 67
838 882
553 994
754 37
679 988
170 50
243 536
890 613
856 557
857 276
34 517
532 260
860 665
827 658
592 39
201 642
688 522
344 496
592 182
62 350
157 338
798 594
89 92
971 10
863 8
776 12
117 374
388 306
136 427
502 176
990 901
539 255
456 599
221 329
884 575
832 146
999 862
670 842
658 882
254 275
571 575
623 878
681 403
41 780
994 186
387 280
102 423
770 203
306 299
624 306
897 756
201 199
810 875
906 618
837 50
384 336
559 677
873 358
49 100
819 584
767 774
111 802
909 583
200 103
951 204
183 358
742 211
683 263
916 148
464 187
241 431
790 356
566 255
911 256
259 937
441 974
702 89
678 612
460 109
977 797
686 839
990 549
954 519
994 568
838 949
123 26
855 965
623 345
146 47
679 155
96 978
944 585
193 72
571 927
532 399
570 710
117 729
780 697
415 622
717 518
173 552
210 840
875 402
27 770
493 567
476 366
580 884
727 999
856 244
620 117
912 326
453 106
473 676
457 111
874 504
177 244
54 742
736 393
697 885
40 400
300 866
525 407
672 565
693 981
254 489
71 717
945 369
442 255
850 272
997 591
999 433
658 651
788 558
715 966
538 85
520 760
876 595
756 9
849 473
708 404
489 474
401 872
965 404
452 940
200 274
533 48
592 532
357 420
401 650
78 679
238 409
820 183
423 57
980 934
255 894
954 825
132 413
777 832
445 946
488 459
768 141
697 25
265 389
755 444
648 834
9 904
377 710
569 192
990 708
631 134
786 430
179 489
145 201
808 535
24 757
244 641
43 566
943 491
106 686
13 850
996 747
783 274
914 159
843 15
645 285
479 331
887 350
834 326
429 930
411 187
469 481
951 573
316 116
279 172
239 876
921 491
39 864
406 109
545 763
430 103
132 926
988 469
914 464
398 705
718 762
24 994
210 821
836 513
943 815
72 942
291 140
990 270
651 412
597 680
818 135
33 965
545 978
684 37
733 207
206 12
272 446
755 657
662 239
974 173
150 307
686 225
38 101
380 746
875 728
345 885
452 191
571 35
833 984
506 800
897 79
771 690
404 41
91 612
324 256
966 979
988 831
239 119
266 646
336 640
78 418
831 160
532 3
994 926
124 155
17 567
364 650
177 368
282 693
579 185
172 513
332 511
960 560
65 220
213 76
70 591
18 42
661 692
847 781
316 843
928 77
506 41
514 660
217 186
934 119
351 195
299 940
880 421
38 267
95 206
960 333
101 909
139 672
718 26
911 722
623 740
554 829
817 288
978 609
739 435
118 916
635 314
156 753
838 509
931 557
467 801
951 694
476 342
774 917
580 844
411 421
932 193
992 956
477 188
634 481
706 946
374 556
378 547
396 390
68 971
525 479
948 794
487 771
870 159
157 576
429 475
379 720
24 267
847 133
206 55
478 824
853 788
876 667
823 956
349 565
963 297
558 964
452 290
772 833
725 879
465 169
600 668
285 478
880 246
630 932
152 397
581 627
513 916
586 738
293 580
811 139
538 577
189 531
82 581
582 894
949 9
309 234
242 191
575 195
742 624
251 951
656 779
159 872
534 876
298 12
373 584
299 349
561 642
89 870
629 497
941 300
934 433
960 540
340 513
289 432
668 244
503 507
382 760
274 311
494 746
478 47
5 677
834 287
467 346
378 899
118 65
857 4
303 945
258 242
98 501
463 191
619 829
145 332
93 142
39 808
771 170
748 318
247 645
126 382
684 902
421 632
245 356
301 466
685 464
957 683
291 68
314 815
560 523
542 655
84 661
231 998
658 676
666 171
508 472
494 777
3 630
559 533
210 973
768 870
396 543
789 16
607 889
296 756
608 675
979 766
284 984
884 257
500 359
977 114
591 844
856 893
301 696
255 837
146 763
698 444
612 282
833 595
293 713
940 416
843 695
327 478
425 338
871 998
212 622
375 498
287 5
458 490
259 727
447 665
43 700
62 232
347 354
53 491
511 867
293 444
294 975
626 366
866 193
514 36
445 450
999 927
503 588
114 941
334 970
627 639
602 630
236 472
520 189
302 23
585 921
749 662
519 922
339 14
657 405
914 636
364 459
406 160
529 851
179 614
900 974
448 517
738 442
742 402
634 763
764 702
785 523
879 735
515 446
606 134
208 480
765 196
893 911
869 588
785 676
475 26
148 172
8 983
297 962
694 115
695 302
864 53
445 751
689 337
489 763
676 553
346 148
552 983
461 325
856 266
428 402
513 988
312 139
590 290
88 626
143 62
398 309
593 415
556 805
80 246
899 709
169 800
365 440
688 580
159 843
963 714
689 465
612 227
39 571
445 4
908 668
808 536
75 11
576 532
79 579
652 665
565 500
63 815
984 249
861 525
762 946
523 880
602 731
734 436
717 259
757 893
49 662
231 362
322 642
576 161
881 588
637 776
785 171
883 696
40 510
616 817
676 393
728 907
77 798
239 589
392 982
726 681
323 766
527 732
608 848
736 261
827 190
455 785
123 580
476 439
283 928
289 956
185 626
537 196
723 494
599 515
837 410
42 956
594 129
885 398
153 381
779 17
855 362
362 845
21 446
404 42
721 915
258 947
391 749
419 764
355 762
960 605
868 813
458 753
132 370
80 67
707 510
125 589
957 608
511 628
755 490
979 604
462 988
212 567
854 482
86 88
863 368
845 293
103 828
946 636
583 881
288 126
252 679
91 323
660 654
455 2
294 900
481 643
613 682
264 247
563 509
359 614
325 530
471 884
231 12
95 184
867 83
317 110
53 596
244 533
753 446
597 23
451 853
415 694
696 312
486 856
361 709
629 358
882 26
865 178
896 712
161 812
951 689
383 467
274 517
577 356
743 307
505 321
487 113
469 742
349 112
595 643
425 512
874 305
253 916
942 46
455 868
280 664
453 216
687 457
15 816
982 193
472 906
102 575
122 896
478 825
466 865
563 629
693 558
290 211
348 349
24 443
580 144
195 178
272 697
664 843
101 373
578 913
728 768
266 43
971 738
189 673
862 746
63 216
945 759
194 394
877 756
110 157
937 679
459 423
21 692
684 148
446 163
570 863
864 624
132 342
722 626
119 198
47 549
907 524
855 178
103 937
731 448
329 768
399 742
433 802
105 541
623 327
679 241
796 435
946 608
104 323
810 97
472 167
414 718
83 591
835 690
285 547
786 8
293 104
866 314
758 372
43 625
389 517
378 896
415 517
382 584
994 86
540 174
101 928
213 818
435 360
573 18
800 370
123 557
568 654
457 113
739 359
79 974
406 42
853 755
784 934
608 570
715 766
878 798
412 930
849 832
280 581
281 137
505 718
527 743
841 164
608 681
419 26
348 108
629 13
41 556
372 756
654 542
803 224
235 482
128 952
88 787
292 891
589 52
907 142
671 953
21 20
666 219
633 598
727 502
432 253
845 839
833 903
758 764
10 150
506 857
72 419
563 319
833 816
975 629
160 582
893 204
626 969
241 429
792 11
115 372
924 536
946 960
285 82
124 510
219 466
539 883
544 555
337 867
566 380
159 702
902 691
426 43
320 570
536 581
564 780
812 120
5 486
374 143
156 118
319 538
527 97
772 408
278 449
596 580
722 779
838 649
506 110
937 232
562 711
84 135
986 551
383 181
442 697
244 589
649 909
321 716
777 605
32 921
398 632
174 995
213 583
508 825
127 1
311 350
830 558
409 210
329 43
2 67
540 455
562 11
102 208
989 72
338 58
837 20
508 398
385 107
709 234
201 451
16 642
560 790
723 322
909 617
399 495
990 252
798 163
803 331
125 869
399 284
46 147
845 252
466 587
86 736
987 23
574 533
224 633
996 207
856 858
543 282
621 550
651 792
821 484
971 571
600 86
481 811
958 775
441 834
428 546
195 313
255 969
294 191
498 858
742 569
284 481
985 276
747 917
125 537
751 837
467 922
800 911
397 271
659 68
591 989
631 128
209 695
839 439
170 298
373 801
799 837
929 591
677 313
951 910
933 143
476 558
978 1000
155 3
877 886
307 508
402 472
757 892
575 559
283 359
736 585
678 300
97 129
511 274
61 615
785 170
515 961
148 670
302 840
477 86
723 147
816 479
10 618
139 322
400 886
898 237
554 667
258 332
10 509
230 16
784 140
913 552
589 599
111 759
702 910
850 133
410 546
28 917
379 679
380 724
205 537
349 559
833 990
119 697
637 316
710 552
987 341
57 280
224 807
463 767
299 183
742 153
708 25
671 151
765 88
837 699
299 196
656 515
898 704
167 69
81 396
579 413
447 213
286 624
60 284
199 10
261 17
891 268
393 105
25 409
888 431
717 136
38 876
523 467
462 989
122 946
216 435
716 448
934 395
367 608
82 784
449 83
13 914
696 108
824 33
55 22
122 148
655 404
326 362
165 184
193 167
448 382
681 154
908 999
396 211
142 283
880 54
308 519
572 340
330 91
370 609
604 650
939 751
487 227
240 804
465 961
690 186
156 610
698 657
663 109
757 114
560 658
466 429
49 403
913 746
881 46
538 233
476 710
480 113
236 598
239 465
828 370
492 908
813 482
634 705
909 975
288 999
309 262
737 200
577 899
561 26
908 265
361 76
45 237
751 475
898 275
169 221
456 837
409 710
964 112
909 689
872 751
836 74
750 656
452 435
73 546
38 572
403 145
169 853
388 987
321 488
552 735
608 296
24 201
310 243
81 488
599 106
301 739
532 33
640 820
417 289
171 251
673 93
178 661
547 612
342 96
548 779
164 832
19 63
973 258
759 273
961 346
669 9
800 856
750 204
311 768
477 568
539 549
812 535
283 227
189 797
505 163
308 342
259 266
705 974
430 712
566 733
456 892
952 865
971 15
170 738
298 447
155 90
840 962
303 962
565 411
749 398
633 653
93 283
884 570
960 474
83 285
67 864
213 930
697 576
588 754
370 787
325 73
420 467
672 539
709 467
362 206
419 29
718 419
330 416
371 308
185 568
900 891
225 335
651 311
121 398
603 542
529 399
72 985
347 235
3 632
558 490
63 904
300 46
488 790
125 95
487 600
309 264
989 438
901 564
391 790
432 845
299 113
604 19
733 945
807 287
591 611
557 372
